863
401
1
172
360 268
359 269
356 269
355 270
352 270
352 271
351 272
351 273
352 274
352 275
351 276
352 277
352 279
353 280
353 281
354 282
354 283
357 283
358 284
358 285
359 286
359 295
360 296
360 297
361 298
361 299
362 300
362 303
363 304
362 305
362 310
363 311
363 314
364 315
364 316
362 318
361 318
360 319
358 319
357 320
354 320
353 321
350 321
349 322
348 322
347 321
346 321
345 320
345 319
346 318
346 317
345 316
345 314
344 313
344 309
342 309
341 308
340 309
338 309
337 310
334 310
331 313
328 313
327 314
324 314
323 315
320 312
320 311
318 309
317 309
316 308
315 309
309 309
308 310
306 310
305 311
304 311
304 312
303 313
303 317
301 319
298 319
297 320
295 320
294 319
292 319
291 318
288 318
287 319
285 319
284 320
284 322
285 323
285 330
284 331
285 332
292 332
293 333
294 332
296 332
297 331
304 331
305 330
307 330
308 329
320 329
321 328
322 328
323 327
324 327
325 326
326 326
327 327
328 326
331 326
332 325
333 325
334 324
335 325
336 324
340 324
342 326
342 334
343 335
343 336
344 337
347 337
348 336
349 337
352 337
353 336
356 336
357 335
359 335
359 334
361 332
362 333
365 333
366 332
374 332
375 331
376 331
377 330
378 330
379 329
379 319
378 318
378 311
377 310
377 308
376 307
376 299
375 298
375 293
374 292
374 290
373 289
373 284
372 283
372 282
373 281
373 279
372 278
372 277
371 276
371 275
372 274
372 273
371 272
371 269
369 269
368 268
17
379 327
354 334
342 338
340 322
297 333
288 328
287 318
301 316
308 308
316 308
326 313
342 311
345 323
364 319
357 289
353 273
373 269
