241
197
3
48
71 72
70 73
69 73
64 78
64 79
62 81
61 81
61 82
60 83
60 84
59 85
59 91
61 93
62 93
66 97
67 97
71 101
76 101
77 102
78 102
79 103
81 101
82 102
82 103
86 107
87 107
89 109
89 110
89 108
88 108
87 107
86 107
82 103
82 102
81 101
79 103
77 101
72 101
71 100
70 100
64 94
63 94
59 90
59 85
60 84
60 83
71 72
72 72
16
74 71
74 69
78 65
78 64
81 61
81 58
83 56
83 55
84 54
84 49
86 47
86 46
89 43
90 44
90 45
90 43
51
92 45
97 40
99 40
100 41
101 41
103 43
103 44
104 45
104 46
105 47
105 48
106 49
106 50
108 52
111 52
114 55
115 55
116 56
117 56
119 58
119 62
120 63
120 64
121 65
124 65
125 66
130 66
132 64
132 61
134 59
134 51
133 50
132 50
131 49
129 49
124 44
123 44
119 40
118 40
117 39
117 35
115 33
114 33
113 32
109 32
108 31
107 31
106 30
105 30
104 29
103 29
