124
96
1
207
88 16
87 17
86 17
85 18
80 18
80 20
79 21
79 24
80 25
80 27
81 28
81 29
82 30
82 31
84 31
87 34
87 35
88 36
88 37
87 38
87 39
88 40
87 41
87 43
88 44
88 45
89 46
89 47
90 48
90 51
91 52
91 53
90 54
90 55
91 56
91 59
90 60
91 61
91 62
92 63
92 64
90 66
89 66
88 67
87 67
86 68
83 68
82 69
77 69
76 70
75 69
74 69
73 68
74 67
73 66
74 65
74 64
73 63
73 58
72 57
69 57
68 56
67 57
64 57
63 58
62 58
59 61
57 61
56 62
52 62
51 63
48 60
48 59
46 57
43 57
42 56
41 57
37 57
36 58
35 58
34 59
32 59
32 62
31 63
31 65
30 66
29 66
28 67
25 67
24 68
22 68
21 67
20 67
19 66
15 66
14 67
13 67
12 68
12 70
13 71
13 72
14 73
14 76
13 77
13 78
12 79
14 81
15 80
16 81
18 81
19 80
24 80
25 79
27 79
28 78
32 78
33 79
34 78
35 78
36 77
39 77
40 78
41 77
48 77
49 76
50 76
51 75
55 75
56 74
59 74
60 73
61 73
62 72
65 72
66 73
67 72
68 72
70 74
70 76
71 77
71 79
70 80
70 82
71 83
71 84
72 85
80 85
81 84
84 84
85 83
87 83
87 82
89 80
90 80
91 81
93 81
94 80
99 80
100 79
104 79
105 78
106 78
107 77
107 76
108 75
108 74
107 73
107 72
108 71
108 69
107 68
107 65
106 64
106 63
107 62
106 61
106 58
105 57
105 56
104 55
104 47
103 46
104 45
104 43
103 42
103 41
102 40
102 39
101 38
102 37
102 36
101 35
101 32
100 31
100 28
101 27
100 26
100 25
99 24
100 23
100 22
99 21
99 17
98 17
97 16
96 17
89 17
18
98 15
78 19
81 38
84 37
89 67
75 69
73 58
44 63
43 58
28 60
29 64
11 67
13 80
70 70
72 85
106 79
104 68
107 68
