141
63
2
69
34 20
32 22
32 24
31 25
31 30
32 31
32 32
39 32
40 33
42 33
43 34
46 34
48 36
54 36
55 37
66 37
67 38
71 38
73 40
76 40
77 41
84 41
85 40
88 40
89 41
92 41
93 42
96 42
98 44
99 44
100 45
126 45
126 44
127 43
127 35
126 35
125 34
123 34
122 33
114 33
113 32
109 32
108 31
103 31
102 30
101 30
100 29
100 27
99 27
98 26
95 29
87 29
86 28
80 28
79 27
76 27
75 26
72 26
71 25
66 25
65 24
59 24
58 23
51 23
50 22
47 22
46 21
37 21
36 20
16
36 20
72 26
94 30
98 28
101 32
126 35
125 45
99 43
96 40
87 39
67 36
48 34
48 34
40 31
34 33
31 25
16
10 19
10 20
9 21
9 29
10 30
10 31
11 32
16 32
17 33
24 33
24 22
23 21
22 21
21 20
19 20
18 19
4
9 33
9 19
24 19
24 33
