500
500
67
7
241 499
242 498
245 498
246 497
247 497
248 498
248 499
6
257 499
257 497
259 495
266 495
267 496
267 499
20
94 499
95 498
99 498
100 497
104 497
105 496
110 496
111 495
115 495
116 494
120 494
121 493
126 493
127 492
131 492
132 491
133 492
133 494
134 495
134 499
17
46 499
46 497
45 496
45 491
44 490
44 489
46 487
48 487
49 486
54 486
55 485
56 486
56 487
57 488
57 493
58 494
58 499
7
271 483
269 485
269 489
270 490
279 490
279 484
278 483
9
292 482
291 483
287 483
285 485
285 487
286 488
295 488
295 483
294 482
17
484 499
484 498
483 497
483 492
482 491
482 483
484 481
486 481
487 480
490 483
490 484
493 487
493 490
494 491
494 496
495 497
495 499
5
499 477
498 476
498 471
497 470
497 469
17
8 499
8 495
7 494
7 489
6 488
6 483
5 482
5 477
4 476
4 472
3 471
3 468
2 467
2 463
1 462
1 456
0 455
26
499 447
498 448
494 448
493 449
488 449
487 450
483 450
482 451
477 451
476 452
474 452
472 454
473 455
473 458
474 459
474 460
475 461
478 461
479 460
484 460
485 459
489 459
490 458
495 458
496 457
499 457
45
150 499
150 493
149 492
149 487
148 486
148 481
147 480
147 475
146 474
146 470
145 469
145 464
144 463
144 458
143 457
143 452
142 451
142 446
141 445
143 443
146 443
147 442
152 442
153 441
154 441
155 442
155 444
156 445
156 450
157 451
157 457
158 458
158 463
159 464
159 470
160 471
160 476
161 477
161 482
162 483
162 489
163 490
163 495
164 496
164 499
49
192 439
191 440
188 440
187 441
183 441
182 442
180 442
178 444
179 445
179 450
180 451
180 455
181 456
181 461
182 462
182 467
183 468
183 472
184 473
184 478
185 479
185 483
186 484
186 489
187 490
187 492
188 493
192 493
193 492
198 492
199 491
201 491
201 487
200 486
200 481
199 480
199 475
198 474
198 468
197 467
197 462
196 461
196 455
195 454
195 449
194 448
194 443
193 442
193 440
52
238 431
237 432
231 432
230 433
227 433
225 435
226 436
226 441
227 442
227 447
228 448
228 452
229 453
229 458
230 459
230 463
231 464
231 469
232 470
232 475
233 476
233 482
234 483
234 486
235 487
238 487
239 486
243 486
244 485
247 485
248 484
249 484
249 481
248 480
248 475
247 474
247 469
246 468
246 463
245 462
245 458
244 457
244 452
243 451
243 446
242 445
242 440
241 439
241 434
240 433
240 432
239 431
43
77 422
76 423
71 423
70 424
65 424
64 425
59 425
58 426
55 426
53 428
54 429
54 431
53 432
51 432
49 434
49 436
50 437
54 437
55 438
55 440
56 441
56 444
57 445
61 445
62 444
64 444
64 442
66 440
67 440
68 439
74 439
76 441
80 441
81 440
82 440
82 437
81 436
81 431
80 430
80 425
79 424
79 423
78 422
32
0 405
4 405
5 404
9 404
10 403
15 403
16 402
21 402
22 401
23 402
23 405
24 406
24 413
25 414
25 417
23 419
18 419
17 420
12 420
11 421
6 421
5 422
4 422
2 424
3 425
3 430
4 431
4 436
5 437
5 439
3 441
0 441
141
404 397
403 398
398 398
397 399
392 399
391 400
386 400
385 401
380 401
379 402
374 402
373 403
368 403
367 404
362 404
361 405
356 405
355 406
350 406
349 407
346 407
344 409
345 410
345 414
346 415
346 419
347 420
347 422
348 423
352 423
353 422
358 422
359 421
364 421
365 420
370 420
372 422
372 429
373 430
373 433
372 434
367 434
366 435
361 435
360 436
355 436
354 437
349 437
348 438
343 438
342 439
339 439
337 441
337 442
338 443
338 450
339 451
339 454
340 455
344 455
345 454
351 454
352 453
357 453
358 452
364 452
365 451
371 451
372 450
377 450
378 449
379 449
381 451
381 452
380 453
379 453
377 455
377 456
378 457
385 457
386 456
390 456
390 454
388 452
386 452
385 451
385 449
387 447
392 447
393 446
397 446
398 445
403 445
404 444
409 444
410 443
414 443
415 442
420 442
421 441
422 441
422 437
421 436
421 429
420 428
420 426
419 425
418 426
413 426
412 427
407 427
406 428
401 428
400 429
395 429
394 430
389 430
388 431
386 431
385 430
385 429
384 428
384 424
383 423
383 417
384 416
386 416
387 415
392 415
393 414
399 414
400 413
405 413
406 412
408 412
408 408
407 407
407 401
406 400
406 398
405 397
58
234 395
233 396
228 396
227 397
222 397
221 398
215 398
214 399
209 399
208 400
203 400
202 401
197 401
196 402
190 402
189 403
184 403
183 404
178 404
177 405
174 405
172 407
173 408
173 412
174 413
174 416
175 417
175 419
176 420
179 420
180 419
185 419
186 418
191 418
192 417
196 417
197 416
202 416
203 415
208 415
209 414
213 414
214 413
219 413
220 412
224 412
225 411
230 411
231 410
236 410
237 409
238 409
238 405
237 404
237 399
236 398
236 396
235 395
124
292 393
291 394
286 394
285 395
280 395
279 396
274 396
273 397
268 397
267 398
262 398
261 399
256 399
255 400
253 400
251 402
252 403
252 406
253 407
253 411
254 412
254 417
255 418
255 423
256 424
256 426
257 427
261 427
262 426
267 426
268 425
274 425
275 424
280 424
281 423
286 423
287 422
288 423
288 424
289 425
289 430
290 431
290 436
291 437
291 442
292 443
292 445
291 446
287 446
286 447
281 447
280 448
278 448
276 450
276 451
277 452
277 457
278 458
278 460
279 461
283 461
284 460
290 460
291 459
297 459
298 458
303 458
304 457
310 457
311 456
317 456
318 455
320 455
320 451
319 450
319 445
318 444
318 442
317 441
316 441
315 442
308 442
307 443
304 443
303 442
303 441
302 440
302 436
301 435
301 432
300 431
300 427
299 426
299 421
300 420
302 420
303 419
308 419
309 418
314 418
315 417
320 417
321 416
322 416
322 413
321 412
321 407
320 406
320 401
319 400
319 398
318 397
317 398
312 398
311 399
307 399
306 400
301 400
300 401
295 401
294 400
294 398
293 397
293 394
36
358 375
357 376
353 376
352 377
348 377
347 378
343 378
342 379
338 379
337 380
335 380
333 382
333 383
334 384
334 389
335 390
335 392
336 393
339 393
340 392
344 392
345 391
350 391
351 390
355 390
356 389
360 389
361 388
362 388
362 386
361 385
361 382
360 381
360 378
359 377
359 376
23
295 375
294 376
289 376
288 377
285 377
283 379
283 380
284 381
284 386
285 387
285 389
286 390
290 390
291 389
296 389
297 388
299 388
299 385
298 384
298 379
297 378
297 376
296 375
49
499 391
498 392
493 392
492 393
487 393
486 394
485 394
483 396
483 397
482 398
481 398
480 399
474 399
473 400
469 400
468 399
468 397
467 396
467 393
466 392
468 390
471 390
472 389
479 389
480 388
480 384
479 383
479 377
478 376
478 371
477 370
477 365
476 364
476 358
475 357
475 352
474 351
474 350
476 348
479 348
480 347
485 347
486 346
491 346
492 345
494 347
494 348
498 348
499 349
78
128 344
127 345
121 345
120 346
114 346
113 347
110 347
108 349
109 350
109 355
110 356
110 361
111 362
111 367
112 368
112 370
111 371
110 371
109 372
107 372
105 374
106 375
106 380
107 381
107 386
108 387
108 392
109 393
109 398
110 399
110 403
111 404
111 409
112 410
112 415
113 416
113 421
114 422
114 424
115 425
119 425
120 424
127 424
128 423
130 423
130 420
129 419
129 414
128 413
128 408
127 407
127 402
126 401
126 396
125 395
125 390
124 389
124 384
123 383
123 378
122 377
122 371
123 370
124 370
125 369
131 369
132 368
134 368
134 365
133 364
133 359
132 358
132 353
131 352
131 347
130 346
130 345
129 344
91
82 327
81 328
76 328
75 329
71 329
70 330
65 330
64 331
60 331
59 332
54 332
53 333
49 333
48 334
43 334
42 335
37 335
36 336
32 336
31 337
26 337
25 338
21 338
20 339
15 339
14 340
12 340
10 342
11 343
11 347
12 348
12 353
13 354
13 358
14 359
14 363
15 364
15 368
16 369
16 373
17 374
17 379
18 380
18 384
19 385
19 387
20 388
24 388
25 387
30 387
31 386
35 386
36 385
41 385
42 384
46 384
47 383
51 383
52 382
57 382
58 381
62 381
63 380
67 380
68 379
73 379
74 378
78 378
79 377
83 377
84 376
89 376
90 375
91 375
91 372
90 371
90 366
89 365
89 360
88 359
88 354
87 353
87 348
86 347
86 342
85 341
85 336
84 335
84 330
83 329
83 328
58
170 321
169 322
164 322
163 323
160 323
158 325
159 326
159 331
160 332
160 337
161 338
161 343
162 344
162 348
163 349
163 354
164 355
164 360
165 361
165 365
166 366
166 371
167 372
167 377
168 378
168 383
169 384
169 386
170 387
174 387
175 386
180 386
181 385
183 385
183 382
182 381
182 376
181 375
181 370
180 369
180 364
179 363
179 359
178 358
178 353
177 352
177 347
176 346
176 342
175 341
175 336
174 335
174 330
173 329
173 324
172 323
172 322
171 321
102
225 310
224 311
217 311
216 312
212 312
210 314
211 315
211 320
212 321
212 325
213 326
213 331
214 332
214 334
215 335
219 335
220 334
227 334
228 333
229 334
229 335
230 336
230 341
231 342
231 347
232 348
232 350
229 353
229 354
230 355
230 361
231 362
231 365
232 366
236 366
237 365
243 365
244 364
246 366
246 371
247 372
247 374
248 375
251 375
252 374
257 374
258 373
262 373
263 372
264 372
264 370
263 369
263 365
264 364
266 364
267 363
269 363
269 360
268 359
268 356
267 355
267 351
266 350
266 349
265 348
264 349
259 349
258 350
253 350
252 351
250 351
249 350
249 349
248 348
248 343
247 342
247 337
246 336
248 334
249 334
250 333
251 333
251 329
250 328
250 322
249 321
249 319
248 318
247 318
246 319
241 319
240 320
235 320
234 321
231 321
230 320
230 319
229 318
229 313
228 312
228 311
227 310
56
301 306
300 307
293 307
292 308
288 308
286 310
287 311
287 316
288 317
288 322
289 323
289 328
290 329
290 334
291 335
291 339
292 340
292 345
293 346
293 351
294 352
294 357
295 358
295 363
296 364
296 366
297 367
300 367
301 366
306 366
307 365
311 365
312 364
313 364
313 361
312 360
312 355
311 354
311 349
310 348
310 344
309 343
309 338
308 337
308 332
307 331
307 326
306 325
306 321
305 320
305 315
304 314
304 309
303 308
303 307
302 306
17
29 298
28 299
27 299
25 301
26 302
26 307
27 308
27 310
28 311
32 311
33 310
35 310
35 307
34 306
34 301
33 300
33 298
14
198 295
197 296
194 296
192 298
192 300
193 301
193 304
194 305
198 305
199 304
200 304
200 300
199 299
199 296
20
499 295
497 295
496 296
493 296
491 298
492 299
492 301
491 302
490 302
489 303
484 303
483 304
477 304
476 305
472 305
471 304
471 302
470 301
470 296
469 295
68
388 283
387 284
382 284
381 285
378 285
376 287
377 288
377 292
378 293
378 297
379 298
379 302
380 303
380 307
381 308
381 312
382 313
382 317
383 318
383 323
384 324
384 328
385 329
385 333
386 334
386 338
387 339
387 343
388 344
388 348
389 349
389 353
390 354
390 356
391 357
395 357
396 356
401 356
402 355
403 355
403 352
402 351
402 346
401 345
401 341
400 340
400 335
399 334
399 330
398 329
398 324
397 323
397 319
396 318
396 314
395 313
395 308
394 307
394 303
393 302
393 297
392 296
392 292
391 291
391 286
390 285
390 284
389 283
12
499 282
498 283
493 283
492 284
486 284
485 285
480 285
479 286
474 286
473 287
470 287
469 288
66
87 269
86 270
81 270
80 271
75 271
74 272
69 272
68 273
63 273
62 274
59 274
57 276
58 277
58 280
59 281
59 283
58 284
54 284
53 285
49 285
48 286
46 286
44 288
45 289
45 294
46 295
46 300
47 301
47 306
48 307
48 309
49 310
52 310
53 309
57 309
58 308
62 308
63 307
67 307
68 306
72 306
73 305
77 305
78 304
82 304
83 303
84 303
84 301
85 300
86 300
87 299
92 299
93 298
94 298
94 295
93 294
93 289
92 288
92 284
91 283
91 278
90 277
90 272
89 271
89 270
88 269
32
462 267
461 268
457 268
456 269
454 269
452 271
452 272
453 273
453 278
454 279
454 284
455 285
455 290
456 291
456 296
457 297
457 299
458 300
462 300
463 299
465 299
465 296
464 295
464 291
466 289
466 285
465 284
465 278
464 277
464 271
463 270
463 268
22
346 265
345 266
342 266
340 268
340 269
341 270
341 276
342 277
342 280
343 281
346 281
347 280
350 280
351 279
351 276
350 275
350 272
349 271
349 268
348 267
348 266
347 265
16
241 244
240 245
236 245
234 247
235 248
235 253
236 254
236 256
237 257
241 257
242 256
244 256
244 250
243 249
243 245
242 244
97
105 225
104 226
99 226
98 227
93 227
92 228
88 228
87 229
82 229
81 230
76 230
75 231
71 231
70 232
65 232
64 233
59 233
58 234
54 234
53 235
48 235
47 236
43 236
42 237
37 237
36 238
32 238
31 239
26 239
25 240
20 240
19 241
15 241
14 242
9 242
8 243
6 243
4 245
5 246
5 250
6 251
6 255
7 256
7 260
8 261
8 265
9 266
9 268
10 269
13 269
14 268
19 268
20 267
25 267
26 266
30 266
31 265
36 265
37 264
41 264
42 263
47 263
48 262
53 262
54 261
58 261
59 260
64 260
65 259
69 259
70 258
75 258
76 257
81 257
82 256
86 256
87 255
92 255
93 254
97 254
98 253
103 253
104 252
109 252
110 251
111 251
111 248
110 247
110 243
109 242
109 238
108 237
108 233
107 232
107 228
106 227
106 226
43
464 220
463 221
459 221
458 222
454 222
453 223
451 223
449 225
450 226
450 231
451 232
451 237
452 238
452 243
453 244
453 249
454 250
454 255
455 256
455 258
456 259
459 259
460 258
465 258
466 257
470 257
471 256
472 256
472 253
471 252
471 248
470 247
470 243
469 242
469 238
468 237
468 233
467 232
467 228
466 227
466 223
465 222
465 221
99
155 208
154 209
148 209
147 210
144 210
142 212
143 213
143 218
144 219
144 224
145 225
145 229
146 230
146 235
147 236
147 240
148 241
148 246
149 247
149 252
150 253
150 255
151 256
156 256
157 255
158 256
158 257
159 258
159 263
160 264
160 269
161 270
161 275
162 276
162 281
163 282
163 287
164 288
164 293
165 294
165 299
166 300
166 305
167 306
167 308
168 309
171 309
172 308
176 308
177 307
181 307
182 306
183 306
183 303
182 302
182 298
181 297
181 293
180 292
180 287
179 286
179 282
178 281
178 277
177 276
177 272
176 271
176 267
175 266
175 261
174 260
174 256
173 255
173 251
172 250
172 249
171 248
170 248
169 249
166 249
165 248
165 247
164 246
164 242
163 241
163 237
162 236
162 232
161 231
161 226
160 225
160 221
159 220
159 216
158 215
158 211
157 210
157 209
156 208
93
203 200
202 201
196 201
195 202
192 202
190 204
191 205
191 210
192 211
192 216
193 217
193 222
194 223
194 227
195 228
195 233
196 234
196 239
197 240
197 245
198 246
198 248
199 249
204 249
205 248
206 249
206 250
207 251
207 256
208 257
208 262
209 263
209 268
210 269
210 274
211 275
211 280
212 281
212 286
213 287
213 292
214 293
214 298
215 299
215 301
216 302
220 302
221 301
227 301
228 300
230 300
230 297
229 296
229 291
228 290
228 285
227 284
227 279
226 278
226 273
225 272
225 267
224 266
224 261
223 260
223 255
222 254
222 249
221 248
221 243
220 242
220 241
219 240
218 240
217 241
213 241
212 240
212 239
211 238
211 233
210 232
210 227
209 226
209 221
208 220
208 215
207 214
207 209
206 208
206 203
205 202
205 201
204 200
33
0 200
5 200
6 199
11 199
12 198
17 198
18 197
23 197
24 196
29 196
30 195
35 195
36 194
37 195
37 196
38 197
38 200
39 201
39 203
38 204
37 204
36 205
30 205
29 206
23 206
22 207
17 207
16 208
10 208
9 209
3 209
2 210
0 210
105
311 186
310 187
307 187
306 188
302 188
301 189
299 189
297 191
298 192
298 197
299 198
299 202
300 203
300 208
301 209
301 212
298 215
298 216
297 217
298 218
298 219
299 220
308 220
309 219
310 220
310 221
311 222
311 228
312 229
312 235
313 236
313 242
314 243
314 249
315 250
315 252
313 254
309 254
308 255
307 255
306 256
305 256
305 257
304 258
304 259
305 260
306 260
308 262
308 263
309 264
309 271
310 272
310 278
311 279
311 282
312 283
315 283
316 282
320 282
321 281
325 281
326 280
327 280
327 277
326 276
326 271
325 270
325 265
324 264
324 259
323 258
325 256
327 256
328 255
330 255
330 251
329 250
329 245
328 244
328 239
327 238
327 233
326 232
326 227
325 226
325 221
324 220
324 215
323 214
323 212
322 211
321 212
318 212
317 211
317 210
316 209
316 205
315 204
315 200
314 199
314 194
313 193
313 189
312 188
312 187
43
86 185
85 186
81 186
80 187
76 187
75 188
71 188
70 189
65 189
64 190
60 190
59 191
55 191
54 192
50 192
49 193
47 193
45 195
46 196
46 199
47 200
47 201
48 202
51 202
52 201
57 201
58 200
63 200
64 199
69 199
70 198
75 198
76 197
81 197
82 196
87 196
88 195
89 195
89 192
88 191
88 188
87 187
87 186
92
373 175
372 176
368 176
367 177
362 177
361 178
359 178
357 180
357 181
358 182
358 187
359 188
359 194
360 195
360 200
361 201
361 203
359 205
357 205
355 207
355 208
356 209
356 214
357 215
357 221
358 222
358 227
359 228
359 233
360 234
360 240
361 241
361 246
362 247
362 250
363 251
368 251
369 250
370 251
370 252
371 253
371 258
372 259
372 265
373 266
373 271
374 272
374 275
375 276
380 276
381 275
388 275
389 274
391 274
391 269
390 268
390 261
389 260
389 253
388 252
388 245
387 244
387 241
386 240
383 240
382 241
376 241
375 240
375 238
374 237
374 232
373 231
373 225
372 224
372 219
371 218
371 211
372 210
375 210
376 209
379 209
379 205
378 204
378 199
377 198
377 192
376 191
376 185
375 184
375 179
374 178
374 176
75
263 131
262 132
258 132
257 133
252 133
251 134
247 134
246 135
242 135
241 136
236 136
235 137
233 137
231 139
231 140
232 141
232 146
233 147
233 152
234 153
234 158
235 159
235 164
236 165
236 168
237 169
240 169
241 168
246 168
247 167
251 167
252 166
257 166
258 165
262 165
263 164
268 164
269 163
274 163
275 162
279 162
280 161
285 161
286 160
290 160
291 159
296 159
297 158
298 158
298 155
297 154
297 150
296 149
296 146
295 145
295 141
294 140
294 139
293 138
292 139
287 139
286 140
282 140
281 141
276 141
275 142
270 142
269 143
267 143
266 142
266 141
265 140
265 135
264 134
264 132
4
499 116
498 117
498 118
499 119
15
95 113
94 114
93 114
91 116
91 117
92 118
92 120
93 121
96 121
97 120
99 120
99 117
98 116
98 114
97 113
136
483 109
482 110
477 110
476 111
471 111
470 112
466 112
465 113
460 113
459 114
454 114
453 115
449 115
448 116
443 116
442 117
437 117
436 118
434 118
432 120
433 121
433 125
434 126
434 130
435 131
435 134
436 135
436 139
437 140
437 142
436 143
433 143
431 145
431 146
432 147
432 153
433 154
433 157
434 158
438 158
440 160
440 165
441 166
441 171
442 172
442 177
443 178
443 181
444 182
449 182
450 181
457 181
458 180
460 180
460 174
459 173
459 168
458 167
457 167
456 166
456 165
455 164
455 159
456 158
457 158
458 157
461 157
462 156
462 153
461 152
461 148
460 147
460 142
459 141
459 140
458 139
457 139
456 140
452 140
451 139
451 138
450 137
450 134
449 133
449 129
450 128
452 128
453 127
458 127
459 126
464 126
465 125
471 125
472 126
472 131
473 132
473 136
474 137
474 142
475 143
475 147
476 148
476 153
477 154
477 158
478 159
478 164
479 165
479 167
480 168
484 168
485 167
491 167
492 166
494 166
494 163
493 162
493 157
492 156
492 152
491 151
491 146
490 145
490 140
489 139
489 135
488 134
488 129
487 128
487 124
486 123
486 118
485 117
485 112
484 111
484 110
19
318 105
317 106
313 106
311 108
311 111
312 112
312 116
313 117
316 117
317 116
321 116
322 115
323 115
323 112
322 111
322 108
321 107
321 106
320 105
31
479 88
478 89
473 89
472 90
466 90
465 91
459 91
458 92
453 92
452 93
449 93
447 95
447 98
448 99
448 103
449 104
454 104
455 103
462 103
463 102
471 102
472 101
479 101
480 100
483 100
483 97
482 96
482 91
481 90
481 89
480 88
9
499 102
498 101
498 98
497 97
497 90
496 89
496 88
498 86
499 86
76
193 71
192 72
185 72
184 73
181 73
179 75
180 76
180 81
181 82
181 87
182 88
182 93
183 94
183 99
184 100
184 104
185 105
185 110
186 111
186 116
187 117
187 122
188 123
188 128
189 129
189 133
190 134
190 139
191 140
191 145
192 146
192 151
193 152
193 157
194 158
194 160
195 161
198 161
199 160
203 160
204 159
208 159
209 158
210 158
210 155
209 154
209 149
208 148
208 143
207 142
207 137
206 136
206 132
205 131
205 126
204 125
204 120
203 119
203 115
202 114
202 109
201 108
201 103
200 102
200 97
199 96
199 92
198 91
198 86
197 85
197 80
196 79
196 74
195 73
195 72
194 71
79
0 78
6 78
7 77
12 77
13 76
18 76
19 75
24 75
25 74
30 74
31 73
36 73
37 72
42 72
43 71
49 71
50 70
55 70
56 69
61 69
62 68
67 68
68 67
73 67
74 66
79 66
80 65
85 65
86 64
87 64
88 65
88 67
89 68
89 73
90 74
90 80
91 81
91 86
92 87
92 93
93 94
93 99
94 100
94 103
92 105
89 105
88 106
85 106
84 105
84 102
83 101
83 99
77 99
76 100
71 100
70 101
65 101
64 102
59 102
58 103
53 103
52 104
47 104
46 105
41 105
40 106
35 106
34 107
29 107
28 108
23 108
22 109
17 109
16 110
11 110
10 111
5 111
4 112
0 112
106
352 61
351 62
347 62
346 63
343 63
342 64
338 64
337 65
335 65
333 67
333 69
334 70
334 74
335 75
339 75
340 74
341 75
341 79
342 80
342 84
343 85
343 88
344 89
344 93
345 94
345 99
346 100
346 105
347 106
347 110
348 111
348 115
349 116
349 120
350 121
350 126
351 127
351 132
352 133
352 135
350 137
344 137
343 138
338 138
337 139
332 139
331 140
328 140
327 141
325 141
323 143
324 144
324 147
325 148
325 151
326 152
326 153
327 154
330 154
331 153
335 153
336 152
340 152
341 151
345 151
346 150
351 150
352 149
356 149
357 148
361 148
362 147
366 147
367 146
368 146
368 143
367 142
367 137
366 136
366 132
365 131
365 126
364 125
364 120
363 119
363 115
362 114
362 109
361 108
361 104
360 103
360 98
359 97
359 92
358 91
358 87
357 86
357 81
356 80
356 76
355 75
355 70
354 69
354 64
353 63
353 62
49
499 61
498 62
493 62
492 63
488 63
487 64
482 64
481 65
476 65
475 66
470 66
469 67
465 67
464 68
459 68
458 69
453 69
452 70
447 70
446 71
443 71
442 70
442 67
441 66
441 61
440 60
440 59
442 57
444 57
445 56
450 56
451 55
456 55
457 54
462 54
463 53
467 53
468 52
473 52
474 51
479 51
480 50
485 50
486 49
490 49
491 48
496 48
497 47
499 47
44
418 37
417 38
412 38
411 39
408 39
406 41
407 42
407 47
408 48
408 52
409 53
409 58
410 59
410 63
411 64
411 68
412 69
412 74
413 75
413 77
414 78
417 78
418 77
421 77
422 76
425 76
426 75
427 75
427 72
426 71
426 67
425 66
425 61
424 60
424 56
423 55
423 51
422 50
422 45
421 44
421 40
420 39
420 38
419 37
18
185 32
184 33
179 33
178 34
175 34
173 36
173 37
174 38
174 40
175 41
179 41
180 40
185 40
186 39
187 39
187 36
186 35
186 33
48
234 23
233 24
231 24
229 26
230 27
230 29
229 30
228 30
226 32
226 33
227 34
227 39
228 40
228 45
229 46
229 49
228 50
226 50
225 51
223 51
221 53
222 54
222 58
223 59
223 61
224 62
227 62
228 61
232 61
233 60
237 60
238 59
242 59
243 58
244 58
244 55
243 54
243 44
242 43
242 39
241 38
241 35
240 34
240 30
239 29
239 25
238 24
238 23
257
158 142
157 141
157 138
156 137
158 135
160 135
161 134
166 134
167 133
172 133
173 132
178 132
179 131
180 132
180 134
181 135
181 141
182 142
182 147
183 148
183 151
182 152
181 152
180 153
175 153
174 154
167 154
166 155
161 155
160 154
160 153
159 152
159 149
155 149
154 150
153 150
151 152
151 153
152 154
152 159
153 160
153 164
154 165
154 170
155 171
155 176
156 177
156 181
157 182
157 187
158 188
158 190
156 192
152 192
151 193
148 193
147 192
147 190
146 189
146 184
145 183
145 179
144 178
144 173
143 172
143 167
142 166
142 162
141 161
141 156
140 155
140 151
139 150
139 145
138 144
138 139
137 138
137 134
136 133
136 128
135 127
135 123
134 122
134 117
133 116
133 111
132 110
132 106
131 105
131 100
130 99
130 93
129 92
125 92
124 93
121 93
120 92
120 89
119 88
119 83
118 82
118 77
117 76
117 71
116 70
116 64
115 63
115 58
114 57
114 52
113 51
113 45
112 44
112 39
111 38
111 33
110 32
110 27
109 26
109 25
111 23
114 23
115 22
120 22
121 21
126 21
127 20
132 20
133 19
138 19
139 18
144 18
145 17
146 17
147 18
147 20
148 21
148 26
149 27
149 32
150 33
150 35
148 37
144 37
143 38
139 38
138 39
134 39
133 40
132 40
131 41
131 47
132 48
132 52
133 53
133 58
134 59
134 64
135 65
135 69
136 70
136 75
137 76
137 80
138 81
138 86
139 87
139 89
138 90
137 90
136 91
136 95
137 96
139 96
140 95
141 96
141 97
142 98
142 103
143 104
143 108
144 109
144 114
145 115
145 120
146 121
146 125
147 126
147 131
148 132
148 136
149 137
149 142
150 143
150 144
156 144
151 144
149 142
149 137
148 136
148 132
147 131
147 126
146 125
146 121
145 120
145 115
144 114
144 109
143 108
143 104
142 103
142 98
141 97
141 96
140 95
139 96
137 96
136 95
136 91
137 90
139 90
139 87
138 86
138 81
137 80
137 76
136 75
136 70
135 69
135 65
134 64
134 59
133 58
133 53
132 52
132 48
131 47
131 41
132 40
133 40
134 39
138 39
139 38
143 38
144 37
148 37
149 36
150 36
150 33
149 32
149 27
148 26
148 21
147 20
147 18
146 17
28
414 3
413 4
408 4
407 5
404 5
402 7
402 8
403 9
403 16
404 17
404 23
405 24
405 27
406 28
410 28
411 27
416 27
417 26
419 26
419 23
418 22
418 17
417 16
417 12
416 11
416 6
415 5
415 4
11
499 20
494 20
493 21
488 21
487 20
487 17
486 16
486 10
485 9
485 2
484 1
46
438 0
438 3
439 4
439 5
440 6
442 6
443 5
448 5
449 4
454 4
455 3
460 3
461 2
466 2
467 1
468 2
468 3
469 4
469 8
470 9
470 13
471 14
471 16
469 18
464 18
463 19
458 19
457 20
453 20
452 21
447 21
446 22
441 22
440 23
435 23
434 24
431 24
430 23
430 21
429 20
429 15
428 14
428 9
427 8
427 3
426 2
25
347 0
348 1
348 5
349 6
349 10
350 11
350 13
349 14
348 14
347 15
345 15
341 19
336 19
335 20
331 20
330 19
330 16
329 15
329 8
328 7
328 5
330 3
333 3
334 2
339 2
68
313 0
313 2
314 3
314 7
315 8
315 11
314 12
313 12
313 19
314 20
314 25
315 26
315 27
316 28
318 28
319 27
322 27
324 29
324 34
325 35
325 39
326 40
326 42
323 45
324 46
324 51
325 52
325 57
326 58
326 60
324 62
320 62
319 63
314 63
313 64
310 64
309 63
309 61
308 60
308 56
307 55
307 50
306 49
308 47
310 47
310 45
309 44
309 39
308 38
308 33
306 31
305 32
300 32
299 31
299 29
298 28
298 24
297 23
297 19
296 18
298 16
299 16
299 13
298 12
298 9
297 8
297 4
296 3
13
173 0
173 3
174 4
174 6
173 7
172 7
171 8
166 8
165 9
161 9
160 8
160 6
159 5
19
129 0
129 2
130 3
130 8
131 9
131 11
130 12
129 12
128 13
122 13
121 14
117 14
116 13
116 11
115 10
115 7
114 6
114 3
113 2
100
0 25
5 25
6 24
10 24
11 23
16 23
17 22
21 22
22 21
26 21
27 20
32 20
33 19
34 19
34 16
36 14
37 14
38 13
43 13
44 12
50 12
51 13
51 18
52 19
52 23
53 24
53 25
51 27
44 27
43 28
40 28
38 30
38 31
39 32
39 37
40 38
40 41
41 42
44 42
45 41
49 41
50 40
55 40
56 41
56 45
57 46
57 49
58 50
58 54
59 55
59 57
60 58
64 58
65 57
71 57
72 56
74 56
74 53
73 52
73 48
72 47
72 43
71 42
71 37
70 36
70 32
69 31
69 27
68 26
68 22
67 21
67 17
66 16
66 11
65 10
65 6
64 5
64 4
63 3
62 3
61 4
56 4
55 5
50 5
49 6
44 6
43 7
38 7
37 8
33 8
32 7
32 4
31 3
31 2
30 1
29 2
24 2
23 3
21 3
19 1
10
0 9
5 9
6 8
10 8
11 7
11 4
10 3
10 2
12 0
15 0
