135
135
1
74
68 41
67 42
66 42
65 43
64 42
63 43
62 43
61 44
61 46
60 47
60 49
61 50
60 51
60 52
59 53
59 54
60 55
60 59
57 62
56 62
55 63
53 63
52 64
50 64
50 65
49 66
50 67
49 68
49 70
50 71
50 75
51 76
51 80
52 81
52 86
53 87
53 88
56 91
57 91
58 92
61 92
62 91
66 91
67 90
69 90
69 89
70 88
70 87
69 86
69 79
68 78
68 74
67 73
67 71
68 70
68 68
70 66
71 66
72 65
76 65
76 63
77 62
77 61
76 60
76 53
75 52
75 51
74 50
74 48
75 47
74 46
74 45
73 44
73 41
7
75 63
68 73
58 93
50 64
63 60
59 45
74 41
