241
197
1
289
72 72
71 72
70 73
69 73
64 78
64 79
62 81
61 81
61 82
60 83
60 84
59 85
59 91
61 93
62 93
66 97
67 97
71 101
76 101
77 102
78 102
79 103
82 103
86 107
87 107
89 109
89 110
91 110
92 111
92 114
93 115
93 116
94 117
95 117
96 118
97 118
100 121
101 121
102 122
103 122
105 124
106 124
107 125
108 125
110 127
111 127
115 131
115 132
117 134
117 135
119 137
119 138
121 140
121 141
122 142
122 143
123 144
123 145
128 150
129 150
133 154
137 154
138 153
140 153
147 146
147 145
154 138
154 137
161 130
161 127
164 124
165 124
166 123
168 123
170 121
171 121
172 120
172 118
176 114
177 114
178 113
178 108
177 108
176 107
174 107
173 106
171 106
170 105
170 104
168 102
168 101
162 95
161 95
160 94
159 94
153 88
152 88
150 86
150 84
151 83
151 82
154 79
154 78
156 76
160 76
166 82
167 82
168 83
169 83
172 86
172 87
173 88
174 88
176 90
176 91
177 92
178 92
180 94
181 94
185 98
185 99
190 104
190 106
188 108
188 109
187 110
188 111
188 112
189 113
189 117
188 118
188 119
185 122
185 123
184 124
184 125
181 128
180 128
176 132
176 133
175 134
175 135
172 138
172 139
165 146
165 147
162 150
161 150
160 151
159 151
159 152
158 153
158 154
143 169
143 170
139 174
135 174
126 165
125 165
121 161
120 161
111 152
111 151
110 150
109 150
104 145
104 144
103 144
100 141
99 141
94 136
93 136
90 133
89 133
81 125
80 125
74 119
73 119
69 115
68 115
67 114
66 114
65 113
64 113
62 111
62 110
61 109
60 109
53 102
52 102
51 101
50 101
44 95
44 94
43 93
42 93
40 91
40 88
44 84
44 83
47 80
47 79
54 72
54 71
56 69
56 68
60 64
61 64
62 63
62 62
64 60
64 59
72 51
72 50
82 40
82 39
84 37
84 36
87 33
88 33
92 29
94 29
96 31
98 31
100 29
104 29
106 31
108 31
109 32
113 32
117 36
117 39
121 43
122 43
123 44
124 44
126 46
126 47
128 49
131 49
134 52
134 58
133 59
133 60
132 61
132 64
130 66
125 66
124 65
121 65
120 64
120 63
119 62
119 58
117 56
116 56
113 53
112 53
111 52
108 52
106 50
106 49
105 48
105 46
103 44
103 43
101 41
100 41
99 40
97 40
93 44
91 44
90 43
88 43
87 44
87 45
84 48
84 54
82 56
82 57
81 58
81 61
80 62
79 62
79 63
75 67
75 68
74 69
74 71
21
136 173
189 116
188 104
155 77
147 87
177 109
140 152
110 125
83 102
72 103
61 93
60 81
90 44
99 43
118 61
119 66
132 67
133 52
112 33
88 35
42 89
