500
500
48
30
341 499
341 496
342 495
342 492
343 491
343 489
345 487
346 488
350 488
351 489
355 489
356 490
361 490
362 491
366 491
367 492
371 492
372 493
376 493
377 494
382 494
383 495
388 495
389 496
394 496
395 497
399 497
400 498
405 498
406 499
17
210 499
210 497
211 496
211 491
212 490
212 488
214 486
215 487
218 487
219 488
222 488
223 489
225 489
226 490
226 493
225 494
225 499
19
189 499
190 498
190 494
191 493
191 488
192 487
192 485
194 483
195 483
196 484
201 484
202 485
205 485
206 486
206 489
205 490
205 495
204 496
204 499
26
499 498
496 498
495 497
488 497
487 496
485 496
484 495
485 494
485 491
486 490
486 487
485 487
484 486
482 486
481 485
481 484
482 483
482 480
484 478
485 478
486 479
491 479
492 480
497 480
498 481
499 481
54
148 499
147 498
142 498
141 497
137 497
136 496
131 496
130 495
125 495
124 494
120 494
119 493
114 493
113 492
108 492
107 491
106 491
105 490
105 489
106 488
106 483
107 482
107 477
108 476
108 473
110 471
111 472
116 472
117 473
122 473
123 474
127 474
128 475
133 475
134 476
139 476
140 477
144 477
145 478
150 478
151 479
155 479
156 480
161 480
162 481
167 481
168 482
170 482
171 483
171 487
170 488
170 493
169 494
169 499
28
218 460
216 462
216 464
215 465
215 470
214 471
214 475
213 476
213 481
212 482
213 483
215 483
216 484
221 484
222 485
226 485
226 483
227 482
227 475
228 474
228 468
229 467
229 463
228 462
226 462
225 461
220 461
219 460
38
274 458
272 460
272 462
271 463
271 467
270 468
270 472
269 473
269 478
268 479
268 483
267 484
268 485
270 485
271 486
277 486
278 487
283 487
284 488
288 488
288 487
289 486
289 482
290 481
290 476
291 475
291 471
292 470
292 466
293 465
293 462
292 461
289 461
288 460
283 460
282 459
276 459
275 458
29
199 457
197 459
197 462
196 463
196 469
195 470
195 476
194 477
194 478
195 479
196 479
197 480
200 480
201 481
204 481
205 482
208 482
208 480
209 479
209 472
210 471
210 465
211 464
211 460
210 459
207 459
206 458
201 458
200 457
61
176 499
176 498
177 497
177 493
178 492
178 487
179 486
179 482
180 481
180 476
181 475
181 470
182 469
182 467
181 466
180 466
179 465
174 465
173 464
169 464
168 463
163 463
162 462
157 462
155 460
155 458
156 457
156 452
157 451
157 449
158 448
159 449
164 449
165 450
170 450
171 451
175 451
176 452
181 452
182 453
184 453
185 454
187 454
188 455
191 455
192 456
192 459
191 460
191 465
190 466
190 471
189 472
189 476
188 477
188 482
187 483
187 488
186 489
186 494
185 495
185 499
61
60 444
59 445
58 445
56 447
56 448
55 449
55 452
54 453
54 456
55 457
55 458
56 459
56 460
57 461
60 461
61 462
67 462
68 461
69 461
70 460
71 460
72 459
73 459
75 461
75 463
74 464
74 466
76 466
77 467
83 467
84 468
89 468
90 469
94 469
94 467
95 466
95 461
96 460
96 455
97 454
97 451
96 450
94 450
93 449
89 449
88 448
84 448
83 447
79 447
78 446
77 447
77 450
76 451
73 451
70 448
70 447
69 447
68 446
66 446
65 445
61 445
23
115 443
113 445
113 447
112 448
112 452
111 453
112 454
113 454
114 455
119 455
120 456
123 456
124 455
124 452
125 451
125 449
126 448
126 446
125 445
123 445
122 444
117 444
116 443
37
183 400
181 402
181 404
180 405
180 409
179 410
179 414
178 415
179 416
180 416
181 417
185 417
186 418
190 418
191 419
195 419
196 420
200 420
201 421
204 421
204 420
205 419
205 415
206 414
206 410
207 409
207 406
206 405
204 405
203 404
199 404
198 403
194 403
193 402
189 402
188 401
184 401
88
374 387
373 388
372 388
371 389
369 389
368 390
366 390
365 391
364 391
363 392
361 392
360 393
358 393
357 394
355 394
354 395
353 395
352 396
350 396
349 397
347 397
346 398
344 398
343 399
342 399
341 400
339 400
338 401
336 401
335 402
334 402
333 403
331 403
330 404
329 404
328 405
328 408
329 409
329 411
330 412
330 414
331 415
331 416
332 417
334 417
335 416
337 416
338 415
339 415
340 414
342 414
343 413
345 413
346 412
347 412
348 411
350 411
351 410
353 410
354 409
356 409
357 408
358 408
359 407
361 407
362 406
364 406
365 405
367 405
368 404
369 404
370 403
372 403
373 402
375 402
376 401
377 401
378 400
380 400
381 399
381 397
380 396
380 394
379 393
379 391
378 390
378 388
377 387
114
179 347
177 349
177 350
176 351
176 354
175 355
175 358
174 359
175 360
176 360
177 361
180 361
181 362
184 362
185 363
188 363
189 364
192 364
193 365
196 365
197 366
200 366
201 367
204 367
205 368
206 368
207 369
207 372
206 373
206 376
205 377
205 381
204 382
204 385
203 386
201 386
200 385
196 385
195 384
191 384
190 383
187 383
186 382
182 382
181 381
177 381
176 380
172 380
171 379
169 381
169 384
168 385
168 390
167 391
167 392
168 393
169 393
170 394
174 394
175 395
180 395
181 396
185 396
186 397
190 397
191 398
196 398
197 399
201 399
202 400
205 400
205 399
206 398
206 393
207 392
207 391
208 390
212 390
212 389
213 388
213 384
214 383
214 380
215 379
215 375
216 374
216 371
215 370
214 370
212 368
213 367
213 364
214 363
214 360
215 359
215 357
214 356
212 356
211 355
208 355
207 354
204 354
203 353
200 353
199 352
196 352
195 351
192 351
191 350
188 350
187 349
184 349
183 348
180 348
85
120 345
118 347
118 349
117 350
117 354
116 355
116 359
115 360
116 361
118 361
119 362
124 362
125 363
125 367
124 368
124 374
123 375
123 381
122 382
122 388
121 389
121 394
120 395
120 400
119 401
119 406
118 407
118 412
117 413
117 418
116 419
116 424
115 425
115 430
114 431
115 432
116 432
117 433
121 433
122 434
126 434
127 435
131 435
132 436
135 436
135 434
136 433
136 427
137 426
137 420
138 419
138 414
139 413
139 407
140 406
140 400
141 399
141 396
142 395
142 392
143 391
143 385
144 384
144 378
145 377
145 371
146 370
146 368
148 366
148 364
149 363
149 356
150 355
150 351
149 350
146 350
145 349
140 349
139 348
134 348
133 347
128 347
127 346
122 346
121 345
37
58 335
57 336
49 336
47 338
47 340
48 341
48 350
49 351
49 359
50 360
50 368
51 369
51 378
52 379
52 387
53 388
53 392
54 393
59 393
60 392
67 392
68 391
70 391
70 386
69 385
69 377
68 376
68 368
67 367
67 358
66 357
66 349
65 348
65 340
64 339
64 336
63 335
47
232 323
225 330
225 331
217 339
217 340
216 341
216 342
215 343
215 344
214 345
214 348
215 349
217 349
218 350
221 350
222 351
224 351
225 352
227 352
228 351
228 350
229 349
229 348
230 347
230 346
231 345
231 344
232 343
232 342
233 341
233 339
234 338
234 337
235 336
235 335
236 334
236 333
237 332
237 331
238 330
238 329
239 328
239 325
238 325
237 324
236 324
235 323
135
499 310
498 311
497 311
496 312
495 312
493 314
492 314
490 316
489 316
487 318
486 318
485 319
484 319
482 321
481 321
479 323
478 323
476 325
475 325
473 327
472 327
471 328
470 328
468 330
467 330
465 332
464 332
462 334
461 334
460 335
459 335
457 337
456 337
456 339
457 340
457 341
459 343
459 344
460 345
460 346
462 348
462 349
464 351
464 352
466 352
467 351
468 351
470 349
471 349
472 348
473 348
475 346
476 346
478 344
479 344
481 342
482 342
483 341
484 341
486 339
487 339
489 337
490 337
492 335
493 335
495 333
496 333
497 332
498 332
499 331
498 331
496 333
495 333
494 334
493 334
491 336
490 336
488 338
487 338
485 340
484 340
482 342
481 342
480 343
479 343
477 345
476 345
474 347
473 347
471 349
470 349
469 350
468 350
466 352
465 352
463 350
463 349
461 347
461 346
459 344
459 343
458 342
458 341
456 339
456 338
458 336
459 336
461 334
462 334
463 333
464 333
466 331
467 331
469 329
470 329
472 327
473 327
474 326
475 326
477 324
478 324
480 322
481 322
483 320
484 320
486 318
487 318
488 317
489 317
491 315
492 315
494 313
495 313
497 311
498 311
1
315 289
121
404 288
403 289
402 289
399 292
398 292
396 294
395 294
393 296
392 296
389 299
388 299
386 301
385 301
385 303
386 304
386 305
387 306
387 307
389 309
389 310
386 313
385 313
383 315
382 315
379 318
378 318
376 320
375 320
373 322
372 322
370 324
369 324
366 327
365 327
363 329
362 329
362 331
363 332
363 333
365 335
365 338
364 339
363 339
361 341
360 341
359 342
358 342
356 344
355 344
355 346
356 347
356 348
358 350
358 351
361 354
361 355
363 355
364 354
365 354
367 352
368 352
371 349
372 349
372 347
371 346
371 345
370 344
370 343
369 342
371 340
372 340
374 338
375 338
377 336
378 336
380 334
381 334
383 332
384 332
387 329
388 329
390 327
391 327
393 325
394 325
396 323
397 323
399 321
400 321
402 319
403 319
405 317
406 317
408 315
409 315
411 313
412 313
415 310
416 310
418 308
419 308
421 306
422 306
424 304
425 304
425 302
424 301
424 300
421 297
421 296
418 293
418 292
416 292
415 293
414 293
412 295
411 295
409 293
409 292
406 289
406 288
1
312 284
204
341 281
340 282
339 282
337 284
336 284
334 286
333 286
331 288
330 288
329 289
328 289
326 291
325 291
323 293
322 293
320 295
319 295
317 297
316 297
314 299
313 299
311 301
310 301
308 303
307 303
306 304
305 304
303 306
302 306
300 308
299 308
297 310
296 310
294 312
293 312
291 314
290 314
288 316
287 316
285 318
284 318
283 319
282 319
280 321
279 321
277 323
276 323
274 325
273 325
271 327
270 327
268 329
267 329
265 331
264 331
262 333
261 333
260 334
259 334
257 336
256 336
254 338
253 338
251 340
250 340
250 342
251 343
251 344
253 346
253 347
255 349
255 350
256 351
256 352
258 354
258 356
257 357
256 357
254 359
253 359
251 361
250 361
248 363
247 363
245 365
244 365
242 367
241 367
239 369
238 369
236 371
235 371
233 373
232 373
230 375
229 375
229 377
230 378
230 379
232 381
232 382
235 385
235 386
237 386
238 385
239 385
241 383
242 383
244 381
245 381
247 379
248 379
250 377
251 377
253 375
254 375
256 373
257 373
259 371
260 371
262 369
263 369
265 367
266 367
266 365
265 364
265 363
264 362
264 361
265 360
266 360
268 358
269 358
271 356
272 356
274 354
275 354
277 352
278 352
280 350
281 350
283 348
284 348
286 346
287 346
289 344
290 344
292 342
293 342
295 340
296 340
298 338
299 338
301 336
302 336
304 334
305 334
307 332
308 332
309 331
310 331
312 329
313 329
315 327
316 327
318 325
319 325
321 323
322 323
324 321
325 321
327 319
328 319
330 317
331 317
333 315
334 315
336 313
337 313
339 311
340 311
342 309
343 309
345 307
346 307
348 305
349 305
351 303
352 303
354 301
355 301
355 299
354 298
354 297
352 295
352 294
350 292
350 291
347 288
347 287
345 285
345 284
343 282
343 281
127
491 276
490 277
489 277
488 278
487 278
485 280
484 280
482 282
481 282
480 283
479 283
477 285
476 285
474 287
473 287
472 288
471 288
469 290
468 290
466 292
465 292
464 293
463 293
461 295
460 295
458 297
457 297
456 298
455 298
453 300
452 300
450 302
449 302
448 303
447 303
447 305
448 306
448 307
449 308
449 309
447 311
446 311
444 313
443 313
441 315
440 315
440 317
441 318
441 319
442 320
442 321
444 323
444 324
445 325
445 326
447 328
447 329
449 331
449 332
450 333
450 334
452 334
453 333
454 333
455 332
456 332
457 331
458 331
459 330
460 330
460 328
459 327
459 326
458 325
458 324
457 323
457 322
455 320
455 319
454 318
454 317
452 315
453 314
454 314
455 313
456 313
457 312
458 312
460 310
461 310
463 308
464 308
465 307
466 307
468 305
469 305
471 303
472 303
473 302
474 302
476 300
477 300
479 298
480 298
481 297
482 297
484 295
485 295
487 293
488 293
489 292
490 292
492 290
493 290
495 288
496 288
497 287
498 287
498 285
497 284
497 283
496 282
496 281
494 279
494 278
493 277
493 276
80
475 255
474 256
473 256
471 258
470 258
468 260
467 260
465 262
464 262
463 263
462 263
460 265
459 265
457 267
456 267
454 269
453 269
451 271
450 271
448 273
447 273
445 275
444 275
442 277
441 277
440 278
439 278
437 280
436 280
434 282
433 282
431 284
430 284
430 286
431 287
431 288
433 290
433 291
436 294
436 295
438 295
439 294
440 294
442 292
443 292
445 290
446 290
448 288
449 288
450 287
451 287
453 285
454 285
456 283
457 283
459 281
460 281
462 279
463 279
465 277
466 277
468 275
469 275
471 273
472 273
473 272
474 272
476 270
477 270
479 268
480 268
482 266
483 266
483 264
482 263
482 262
479 259
479 258
477 256
477 255
62
85 254
84 255
81 255
80 256
77 256
76 257
74 257
73 258
73 262
74 263
74 266
75 267
75 270
76 271
76 274
77 275
77 278
78 279
78 281
79 282
79 285
80 286
80 289
81 290
81 293
82 294
82 297
83 298
83 301
84 302
84 303
85 304
88 304
89 303
92 303
93 302
96 302
97 301
98 301
98 299
97 298
97 295
96 294
96 291
95 290
95 287
94 286
94 283
93 282
93 279
92 278
92 276
91 275
91 272
90 271
90 268
89 267
89 264
88 263
88 260
87 259
87 256
89
315 292
316 293
314 295
313 295
311 297
310 297
309 298
308 298
306 300
305 300
303 302
302 302
301 303
300 303
298 305
297 305
295 307
294 307
293 308
292 308
290 310
289 310
287 312
286 312
285 313
284 313
282 315
281 315
279 317
278 317
277 318
276 318
274 320
273 320
271 322
270 322
269 323
268 323
266 325
265 325
263 323
263 322
262 321
262 320
260 318
260 317
259 316
259 315
261 313
262 313
264 311
265 311
266 310
267 310
269 308
270 308
272 306
273 306
275 304
276 304
278 302
279 302
280 301
281 301
283 299
284 299
286 297
287 297
289 295
290 295
291 294
292 294
294 292
295 292
297 290
298 290
300 288
301 288
303 286
304 286
305 285
306 285
308 283
309 283
310 284
310 285
312 287
312 288
313 289
85
30 265
30 268
31 269
31 273
32 274
32 279
33 280
33 285
34 286
34 291
35 292
35 294
33 296
28 296
27 297
24 297
23 296
23 293
22 292
22 286
21 285
21 279
20 278
20 271
19 270
19 264
18 263
18 262
20 260
25 260
26 259
28 259
29 260
29 262
31 262
31 260
30 259
30 258
29 257
31 255
33 255
34 254
39 254
40 253
45 253
46 252
50 252
51 251
56 251
57 250
58 251
58 252
59 253
59 258
60 259
60 261
58 263
53 263
52 264
48 264
47 265
42 265
41 266
36 266
35 267
33 267
32 266
32 265
32 267
35 267
36 266
41 266
42 265
47 265
48 264
52 264
53 263
58 263
59 262
60 262
60 259
59 258
59 253
58 252
58 251
166
228 247
227 248
224 248
223 249
221 249
220 250
218 250
217 251
214 251
213 252
211 252
210 253
208 253
207 254
204 254
203 255
202 255
199 258
197 258
196 259
193 259
192 260
191 260
189 258
189 255
188 254
184 254
183 255
180 255
179 256
177 256
176 257
173 257
172 258
170 258
169 259
166 259
165 260
162 260
161 261
159 261
158 262
155 262
154 263
153 263
152 264
152 268
153 269
153 271
154 272
154 275
155 276
155 278
156 279
156 282
157 283
157 285
158 286
158 288
159 289
159 292
160 293
160 295
161 296
161 299
162 300
162 302
163 303
163 306
164 307
164 308
165 309
167 309
168 308
170 308
172 310
172 313
173 314
173 317
174 318
174 319
175 320
177 320
178 319
181 319
182 318
185 318
186 317
188 317
189 316
192 316
193 315
195 315
196 314
199 314
200 313
203 313
204 312
204 310
206 308
208 308
209 307
211 307
212 306
214 306
215 307
215 309
216 310
216 313
217 314
217 315
218 316
220 316
221 315
224 315
225 314
227 314
228 313
231 313
232 312
234 312
235 311
237 311
238 310
241 310
242 309
244 309
245 308
248 308
249 307
249 305
248 304
248 302
247 301
247 298
246 297
246 295
245 294
245 292
244 291
244 288
243 287
243 285
242 284
242 282
241 281
241 278
240 277
240 275
239 274
239 272
238 271
238 268
237 267
237 265
236 264
236 262
235 261
235 258
234 257
234 255
233 254
233 252
232 251
232 248
231 247
50
189 219
188 220
184 220
183 221
178 221
177 222
173 222
172 223
168 223
167 224
162 224
161 225
157 225
156 226
152 226
151 227
146 227
145 228
143 228
141 230
141 231
142 232
142 237
143 238
143 240
144 241
148 241
149 240
154 240
155 239
160 239
161 238
166 238
167 237
172 237
173 236
178 236
179 235
184 235
185 234
190 234
191 233
193 233
193 230
192 229
192 226
191 225
191 222
190 221
190 220
49
118 217
117 218
113 218
112 219
107 219
106 220
102 220
101 221
97 221
96 222
92 222
91 223
87 223
86 224
81 224
80 225
76 225
75 226
73 226
71 228
72 229
72 234
73 235
73 237
74 238
77 238
78 237
82 237
83 236
88 236
89 235
93 235
94 234
98 234
99 233
103 233
104 232
108 232
109 231
114 231
115 230
119 230
120 229
121 229
121 226
120 225
120 220
119 219
119 218
77
408 216
407 217
406 217
404 219
403 219
401 221
400 221
398 223
397 223
395 225
394 225
392 227
391 227
389 229
388 229
386 231
385 231
383 233
382 233
380 235
379 235
377 237
376 237
374 239
373 239
371 241
370 241
369 242
368 242
368 244
369 245
369 246
371 248
371 249
372 250
372 251
374 253
374 254
376 254
377 253
378 253
379 252
380 252
382 250
383 250
383 248
384 247
385 247
387 245
388 245
390 243
391 243
393 241
394 241
396 239
397 239
399 237
400 237
402 235
403 235
405 233
406 233
408 231
409 231
411 229
412 229
414 227
415 227
415 225
414 224
414 223
413 222
413 221
411 219
411 218
410 217
410 216
68
210 211
209 212
209 213
208 214
208 216
207 217
207 220
206 221
206 224
207 225
209 225
210 226
211 226
212 227
214 227
215 228
217 228
218 229
220 229
221 230
222 230
223 231
225 231
226 232
228 232
229 233
231 233
232 234
233 234
234 235
236 235
237 236
239 236
240 235
240 234
241 233
241 231
242 230
242 229
243 228
243 227
244 226
244 224
243 223
242 223
241 222
240 222
239 221
237 221
236 220
234 220
233 219
232 219
231 218
229 218
228 217
227 217
226 216
224 216
223 215
221 215
220 214
219 214
218 213
216 213
215 212
213 212
212 211
10
156 206
156 205
157 204
160 204
161 203
162 203
163 204
163 205
164 206
166 206
94
167 204
167 203
168 202
169 202
170 201
174 201
175 202
175 203
179 203
180 202
181 203
181 205
182 206
182 211
183 212
183 215
181 217
178 217
177 218
173 218
172 219
168 219
167 220
164 220
163 221
159 221
158 222
154 222
153 223
150 223
149 224
145 224
144 225
141 225
140 224
140 221
139 220
139 215
138 214
138 213
140 211
141 211
142 210
143 210
143 209
145 207
146 207
147 206
151 206
152 207
152 208
155 208
153 208
151 206
147 206
146 207
145 207
141 211
140 211
138 213
138 214
139 215
139 220
140 221
140 224
141 225
144 225
145 224
149 224
150 223
153 223
154 222
158 222
159 221
163 221
164 220
167 220
168 219
172 219
173 218
177 218
178 217
181 217
182 216
183 216
183 212
182 211
182 206
181 205
181 203
180 202
179 203
176 203
174 201
36
0 180
1 180
2 179
4 179
5 178
8 178
9 179
9 181
10 182
10 185
11 186
11 188
12 189
12 191
13 192
13 194
14 195
14 198
15 199
15 201
16 202
16 204
15 205
12 205
11 206
8 206
7 207
4 207
3 206
3 205
2 204
2 202
1 201
1 199
0 198
0 197
53
367 169
367 170
365 172
365 173
363 175
363 176
362 177
362 179
363 179
366 182
367 182
370 185
371 185
374 188
375 188
378 191
379 191
382 194
383 194
386 197
387 197
390 200
391 200
394 203
395 203
396 204
398 204
399 203
399 202
402 199
402 198
404 196
404 194
403 194
400 191
399 191
396 188
395 188
393 186
392 186
389 183
388 183
386 181
385 181
382 178
381 178
378 175
377 175
375 173
374 173
371 170
370 170
369 169
97
66 156
65 157
63 157
62 158
59 158
58 159
56 159
55 160
53 160
52 161
50 161
49 162
47 162
46 163
43 163
42 164
40 164
39 165
37 165
36 166
34 166
33 167
31 167
30 168
27 168
26 169
24 169
23 170
21 170
20 171
19 171
18 172
18 176
19 177
19 179
20 180
20 183
21 184
21 186
22 187
22 189
23 190
23 193
24 194
24 196
25 197
25 198
26 199
26 200
29 200
30 199
32 199
33 198
35 198
36 197
38 197
39 196
42 196
43 195
45 195
46 194
48 194
49 193
51 193
52 192
54 192
55 191
57 191
58 190
60 190
61 189
63 189
64 188
67 188
68 187
70 187
71 186
73 186
74 185
76 185
77 184
77 182
76 181
76 178
75 177
75 174
74 173
74 171
73 170
73 168
72 167
72 164
71 163
71 161
70 160
70 157
69 156
60
0 137
2 137
3 136
6 136
7 135
10 135
11 134
14 134
15 133
18 133
19 132
22 132
23 131
26 131
27 130
30 130
31 129
34 129
35 128
38 128
39 127
42 127
43 126
46 126
48 128
48 131
49 132
49 135
50 136
50 138
49 139
46 139
45 140
42 140
41 141
39 141
38 142
35 142
34 143
31 143
30 144
28 144
27 145
24 145
23 146
20 146
19 147
16 147
15 148
13 148
12 149
9 149
8 150
5 150
4 151
2 151
1 150
1 148
0 147
0 145
247
177 147
177 146
178 145
178 144
179 143
179 142
180 141
180 140
181 139
181 138
182 137
182 136
183 135
183 134
184 133
184 132
185 131
185 130
186 129
186 128
187 127
187 126
188 125
188 124
190 122
191 122
192 123
193 123
194 124
195 124
196 125
197 125
198 126
199 126
201 128
202 128
203 129
204 129
205 130
206 130
207 131
208 131
209 132
210 132
212 134
213 134
214 135
215 135
216 136
217 136
218 137
219 137
220 138
221 138
223 140
224 140
225 141
226 141
227 142
228 142
229 143
230 143
231 144
232 144
234 146
235 146
236 147
237 147
238 148
239 148
240 149
241 149
242 150
243 150
245 152
246 152
247 153
248 153
249 154
250 154
251 155
252 155
253 156
254 156
256 158
256 159
255 160
255 161
254 162
254 163
252 165
252 166
251 167
251 168
250 169
250 170
248 172
248 173
247 174
247 175
246 176
246 177
245 178
245 179
243 181
243 182
242 183
242 184
241 185
241 186
239 188
239 189
238 190
238 191
237 192
237 193
235 195
234 195
233 194
232 194
231 193
230 193
229 192
228 192
227 191
226 191
225 190
224 190
223 189
222 189
221 188
220 188
219 187
218 187
217 186
216 186
214 184
213 184
212 183
211 183
210 182
209 182
208 181
207 181
206 180
205 180
204 179
203 179
202 178
201 178
200 177
199 177
198 176
197 176
195 174
194 174
193 173
192 173
191 172
190 172
189 171
188 171
187 170
186 170
185 169
184 169
183 168
182 168
181 167
180 167
179 166
178 166
177 165
176 165
174 163
173 163
172 162
171 162
170 161
169 161
168 160
167 160
166 159
165 159
164 158
163 158
162 157
161 157
160 156
159 156
158 155
157 155
156 154
155 154
154 153
152 153
149 156
149 157
138 168
138 169
128 179
128 180
122 186
119 183
118 183
113 178
115 176
115 175
120 170
120 169
125 164
125 163
128 160
128 158
126 156
133 149
133 148
142 139
143 139
145 141
147 141
147 140
151 136
152 136
153 137
154 137
155 138
156 138
157 139
158 139
159 140
160 140
161 141
162 141
163 142
164 142
165 143
166 143
167 144
168 144
169 145
170 145
171 146
172 146
173 147
174 147
175 148
146
146 114
144 116
144 117
141 120
140 120
139 121
135 121
134 122
131 122
130 123
126 123
125 124
121 124
120 125
116 125
115 126
112 126
111 127
107 127
106 128
102 128
101 129
97 129
96 130
93 130
92 131
88 131
87 132
85 132
84 133
84 137
85 138
85 141
86 142
86 145
87 146
87 148
88 149
88 151
87 152
85 152
84 153
83 153
82 154
82 158
83 159
83 162
84 163
84 166
85 167
85 169
86 170
86 173
87 174
87 177
88 178
88 181
89 182
89 184
88 185
87 185
86 186
86 190
87 191
87 194
88 195
88 198
89 199
89 200
90 201
92 201
93 200
95 200
96 199
98 199
99 198
101 198
102 197
102 195
101 194
101 191
100 190
100 188
99 187
99 184
98 183
98 181
97 180
97 177
96 176
96 174
95 173
95 171
94 170
94 167
93 166
93 164
92 163
92 160
91 159
94 156
97 156
98 155
98 153
97 152
97 150
96 149
96 147
95 146
95 144
94 143
94 139
95 138
97 138
98 137
102 137
103 136
106 136
107 135
110 135
111 134
114 134
115 133
119 133
120 132
123 132
124 131
127 131
128 130
132 130
133 129
136 129
137 128
140 128
141 127
144 127
145 126
147 126
149 124
149 123
153 119
153 117
152 117
150 115
149 115
148 114
50
0 110
4 110
5 109
8 109
9 108
12 108
13 107
16 107
17 106
20 106
21 105
24 105
25 104
28 104
29 103
32 103
33 102
36 102
38 104
38 107
39 108
39 111
40 112
40 115
41 116
41 118
40 119
37 119
36 120
33 120
32 121
30 121
29 122
26 122
25 123
23 123
22 124
19 124
18 125
15 125
14 126
12 126
11 127
8 127
7 128
4 128
3 129
1 129
0 128
0 127
224
230 95
228 97
228 98
223 103
223 104
220 107
220 109
221 110
222 110
227 115
228 115
233 120
234 120
239 125
240 125
245 130
246 130
251 135
252 135
257 140
258 140
263 145
264 145
269 150
270 150
275 155
276 155
279 158
277 160
277 161
271 167
271 168
268 171
268 173
270 175
271 175
276 180
277 180
282 185
283 185
288 190
289 190
295 196
296 196
301 201
302 201
307 206
308 206
314 212
315 212
320 217
321 217
326 222
327 222
332 227
333 227
339 233
340 233
345 238
346 238
351 243
352 243
355 246
357 246
359 244
359 243
365 237
365 236
371 230
371 229
377 223
377 222
380 219
380 217
379 216
378 216
373 211
372 211
367 206
366 206
361 201
360 201
356 197
355 197
350 192
349 192
346 189
346 188
348 186
348 185
354 179
354 178
361 171
361 170
364 167
364 165
361 162
360 162
356 158
354 158
353 159
352 159
351 158
350 158
347 155
346 155
343 152
342 152
339 149
338 149
335 146
334 146
330 142
329 142
326 139
325 139
322 136
321 136
318 133
317 133
314 130
313 130
309 126
308 126
305 123
304 123
302 121
302 120
301 119
300 119
297 116
296 116
293 113
292 113
290 111
288 111
288 112
286 114
286 115
284 117
284 118
283 119
283 121
284 122
285 122
288 125
289 125
292 128
293 128
295 130
298 130
299 131
300 131
306 137
307 137
310 140
311 140
314 143
315 143
318 146
319 146
322 149
323 149
327 153
328 153
331 156
332 156
335 159
336 159
339 162
340 162
343 165
344 165
346 167
340 173
340 174
335 179
334 179
333 178
332 178
327 173
326 173
321 168
320 168
316 164
315 164
310 159
309 159
304 154
303 154
298 149
297 149
293 145
292 145
287 140
286 140
281 135
280 135
275 130
276 129
276 128
279 125
279 123
277 121
276 121
271 116
270 116
268 114
266 114
264 116
264 117
262 119
261 119
258 116
257 116
253 112
252 112
247 107
246 107
241 102
240 102
235 97
234 97
232 95
76
62 84
61 85
59 85
58 86
56 86
55 87
54 87
53 88
53 91
54 92
54 94
55 95
55 97
56 98
56 101
57 102
57 104
58 105
58 107
59 108
59 110
60 111
60 113
61 114
61 116
62 117
62 119
63 120
63 123
64 124
64 126
65 127
65 129
66 130
66 132
67 133
67 134
68 135
70 135
71 134
73 134
74 133
76 133
77 132
79 132
80 131
80 129
79 128
79 126
78 125
78 123
77 122
77 120
76 119
76 116
75 115
75 113
74 112
74 110
73 109
73 107
72 106
72 104
71 103
71 101
70 100
70 98
69 97
69 94
68 93
68 91
67 90
67 88
66 87
66 85
65 84
36
35 72
34 73
34 74
33 75
33 76
32 77
32 79
31 80
31 82
30 83
30 85
31 86
33 86
34 87
35 87
36 88
38 88
39 89
41 89
42 88
42 87
43 86
43 84
44 83
44 81
45 80
45 79
46 78
46 76
45 75
44 75
43 74
41 74
40 73
39 73
38 72
47
29 51
29 52
28 53
28 54
27 55
27 56
26 57
26 58
27 59
28 59
29 60
30 60
31 61
32 61
33 62
34 62
35 63
36 63
37 64
38 64
39 65
40 65
41 66
42 66
43 67
45 67
46 66
46 64
47 63
47 62
48 61
48 59
47 58
46 58
45 57
44 57
43 56
42 56
41 55
40 55
39 54
37 54
36 53
35 53
34 52
33 52
32 51
18
0 51
5 51
6 50
17 50
18 49
21 49
22 50
22 56
23 57
23 72
24 73
24 88
25 89
25 96
24 97
18 97
17 98
0 98
38
80 31
80 32
79 33
79 34
77 36
77 37
76 38
76 39
75 40
75 42
76 42
77 43
78 43
80 45
81 45
82 46
83 46
84 47
86 47
86 46
87 45
87 44
88 43
88 42
89 41
89 40
90 39
90 38
91 37
91 35
90 35
89 34
88 34
87 33
86 33
85 32
84 32
83 31
83
165 62
166 62
169 65
170 65
171 66
171 68
168 71
168 72
163 77
163 78
159 82
159 83
155 87
155 88
150 93
150 94
146 98
146 99
144 101
144 103
145 103
148 106
149 106
152 109
153 109
156 112
157 112
159 114
161 114
162 113
162 112
167 107
167 106
172 101
172 100
177 95
177 94
182 89
182 88
187 83
187 82
192 77
192 76
197 71
197 70
199 68
199 66
198 65
197 65
192 60
191 60
187 56
186 56
184 54
181 54
180 53
179 53
176 50
174 50
170 54
170 55
165 60
163 58
162 58
159 55
158 55
155 52
154 52
151 49
150 49
147 46
146 46
143 43
142 43
139 40
138 40
135 37
134 37
131 34
130 34
127 31
126 31
124 29
