202
144
1
192
107 36
106 37
105 37
105 38
104 39
104 40
105 41
105 43
104 44
105 45
105 46
106 47
106 49
107 50
107 51
108 52
108 55
107 56
108 57
108 60
109 61
108 62
108 63
109 64
109 67
110 68
110 69
111 70
111 73
112 74
112 80
111 81
111 82
112 83
112 85
113 86
112 87
113 88
113 90
112 91
112 92
110 94
108 94
107 95
106 95
105 96
102 96
101 95
100 95
99 96
96 96
95 97
92 97
91 98
84 98
83 99
81 99
80 100
77 100
76 101
75 100
72 100
71 101
70 101
69 102
68 102
67 101
66 101
65 102
63 102
62 103
61 103
60 102
59 102
58 103
54 103
53 104
51 104
50 105
49 105
48 104
46 104
45 105
43 105
41 107
41 109
42 110
42 111
41 112
41 113
42 114
42 117
43 118
43 119
44 119
45 120
49 120
50 119
51 119
52 118
54 118
55 117
56 118
59 118
60 117
61 117
62 116
63 116
64 115
65 115
66 114
67 115
68 114
71 114
72 115
74 115
75 114
76 114
77 113
79 113
80 114
81 114
82 113
84 113
85 112
88 112
89 111
93 111
94 110
99 110
100 109
107 109
108 108
109 108
110 109
113 109
114 110
115 110
116 111
116 112
120 112
121 113
123 113
124 112
126 112
127 111
131 111
131 110
132 109
131 108
131 107
132 106
132 105
133 104
132 103
133 102
133 98
131 96
131 95
130 94
130 93
129 92
129 90
130 89
129 88
129 87
128 86
128 85
127 84
127 83
126 82
126 76
125 75
125 72
124 71
124 65
123 64
123 60
122 59
122 56
121 55
121 49
120 48
121 47
120 46
120 40
119 39
119 37
118 37
117 36
116 37
108 37
10
125 83
133 98
129 110
121 113
108 106
45 117
42 103
111 92
103 40
118 38
