500
500
132
2
223 494
224 495
4
223 494
223 494
224 495
224 495
2
371 492
372 492
4
371 492
371 492
372 492
372 492
14
341 499
341 498
342 497
342 492
345 489
348 489
349 490
354 490
355 491
357 491
358 490
366 490
367 491
369 491
4
341 499
339 491
367 483
369 491
13
220 486
220 487
223 490
222 491
222 492
221 493
221 494
220 495
220 496
221 497
223 497
224 498
224 499
4
220 499
219 486
222 486
224 499
22
372 490
371 490
370 489
374 485
381 485
382 484
384 486
384 487
387 490
387 491
385 493
386 494
392 494
393 495
400 495
401 496
406 496
407 497
409 497
410 498
412 498
413 499
4
409 499
383 491
381 487
375 486
8
210 499
211 498
211 497
212 496
212 486
213 485
213 484
214 483
4
212 499
210 499
212 483
214 483
33
190 499
190 497
191 496
191 494
192 493
192 486
195 483
197 483
198 484
200 484
201 485
203 485
204 486
204 494
202 496
201 496
201 497
199 499
198 499
197 498
198 497
197 497
197 499
200 499
200 498
203 495
204 495
204 486
203 485
201 485
200 484
198 484
197 483
4
190 499
190 483
204 483
204 499
6
499 481
495 481
494 480
490 480
489 479
485 479
4
499 482
485 479
485 478
499 481
8
169 499
169 498
170 497
170 494
171 493
171 481
170 480
170 478
4
171 499
169 499
170 478
172 478
3
185 475
186 474
186 473
4
185 475
185 475
186 473
186 473
86
152 499
151 498
145 498
144 497
142 497
141 496
140 496
139 495
121 495
120 494
119 494
118 493
113 493
112 492
107 492
105 490
105 489
106 488
106 481
107 480
107 474
110 471
112 471
113 472
116 472
117 473
121 473
124 476
124 479
123 480
123 483
124 484
124 485
125 486
127 486
128 485
128 482
129 481
129 480
130 479
130 477
131 476
136 476
137 477
142 477
143 478
150 478
151 479
164 479
166 477
166 475
167 474
168 475
168 474
166 474
166 477
165 478
164 478
163 479
151 479
150 478
143 478
142 477
137 477
136 476
130 476
130 479
129 480
129 481
128 482
128 484
126 486
125 486
124 485
124 484
123 483
123 480
124 479
124 475
123 474
122 474
121 473
117 473
116 472
113 472
112 471
13
161 479
131 477
122 486
122 474
108 472
107 492
148 495
109 469
120 479
122 483
128 477
158 479
164 480
42
56 460
56 461
57 462
59 462
60 463
68 463
69 462
72 462
73 461
76 461
80 465
80 466
87 466
88 467
90 467
91 468
94 468
94 467
96 465
97 466
97 467
97 465
95 465
95 466
93 468
91 468
90 467
88 467
87 466
81 466
79 464
79 463
78 462
77 462
76 461
73 461
72 462
69 462
68 463
60 463
59 462
58 462
4
97 469
56 462
56 458
97 464
22
216 482
215 481
215 473
216 472
216 463
218 461
219 461
221 459
222 459
224 461
226 461
230 465
230 470
229 471
229 475
228 476
228 477
227 478
227 479
223 483
219 483
217 485
4
228 486
214 485
216 458
231 460
39
274 458
273 459
272 459
272 460
271 461
271 465
270 466
270 473
269 474
269 483
270 484
270 485
272 485
273 486
275 486
276 487
279 487
280 488
287 488
288 487
288 486
289 485
289 483
290 482
290 476
291 475
291 474
292 473
292 463
290 461
289 461
288 460
287 460
286 459
285 460
283 460
282 459
281 459
280 458
4
290 489
267 486
271 457
294 460
2
115 458
117 458
4
115 458
115 458
117 458
117 458
12
120 459
120 463
121 464
121 465
119 467
113 467
112 466
111 466
110 465
110 460
112 458
113 458
4
110 467
110 458
121 458
121 467
2
186 456
186 458
4
186 456
186 456
186 458
186 458
4
499 456
493 456
492 455
485 455
4
499 457
485 455
485 454
499 456
2
185 454
185 452
4
185 452
185 452
185 454
185 454
45
201 456
200 456
198 454
198 453
200 451
200 450
202 448
203 448
204 447
208 447
209 448
210 448
212 450
213 450
214 451
214 456
213 457
212 457
211 456
209 456
208 455
207 456
204 456
204 458
207 461
208 461
209 462
209 466
208 467
208 473
207 474
207 475
205 477
204 477
203 476
201 476
200 477
198 477
196 475
196 469
197 468
197 461
198 460
198 459
199 458
4
211 479
195 477
199 446
215 448
14
99 467
99 464
100 463
100 460
101 459
101 451
100 451
99 450
97 450
96 449
91 449
90 448
83 448
82 447
4
99 467
82 447
91 439
108 459
42
169 462
168 461
162 461
161 460
158 460
157 459
155 459
154 460
141 460
140 459
139 459
138 458
136 458
135 457
133 457
131 455
131 454
130 453
130 452
131 451
131 448
134 445
143 445
144 446
152 446
153 447
154 447
155 448
162 448
163 449
165 449
166 450
171 450
172 451
173 451
175 453
175 454
173 456
173 457
171 459
171 460
172 461
4
174 464
129 459
131 444
176 449
18
56 458
55 458
54 457
54 450
55 449
55 448
57 446
59 446
60 445
61 446
66 446
67 447
68 447
69 448
70 448
71 449
72 449
73 450
4
55 459
50 449
69 441
73 450
16
339 452
340 453
338 455
339 456
341 456
342 457
348 457
353 452
353 450
352 449
351 449
350 448
346 448
345 449
336 449
331 444
4
352 459
329 454
331 444
354 449
17
116 443
114 445
114 446
113 447
113 448
112 449
112 454
113 455
113 456
117 456
120 453
122 453
122 452
125 449
125 444
124 444
123 443
4
112 456
112 443
125 443
125 456
72
354 443
353 444
354 445
354 446
355 447
364 447
365 448
368 448
369 447
372 447
373 446
373 445
375 443
376 443
377 442
378 443
382 443
383 442
384 443
385 443
387 445
388 445
389 446
393 446
394 447
396 447
397 446
398 447
404 447
405 448
407 448
408 449
410 449
411 450
413 450
415 448
416 449
418 449
420 451
420 452
421 453
422 453
423 454
428 454
429 453
430 454
432 454
433 453
440 453
441 454
448 454
449 455
450 455
451 456
461 456
462 457
463 457
465 459
470 459
471 458
474 458
475 459
479 459
481 461
481 462
486 462
487 461
489 461
490 462
493 462
494 463
499 463
6
496 461
419 452
414 445
382 440
372 447
357 445
2
356 442
357 442
4
356 442
356 442
357 442
357 442
2
364 441
365 441
4
364 441
364 441
365 441
365 441
12
133 437
132 438
129 438
128 439
127 439
126 440
124 440
127 440
129 438
132 438
133 437
135 437
4
124 441
124 440
135 436
135 437
4
362 441
362 440
363 439
365 439
4
362 441
361 440
364 438
365 439
82
365 411
364 412
362 412
361 413
360 413
359 414
356 414
355 415
354 415
352 417
351 417
349 419
348 419
347 420
346 420
343 423
342 423
340 425
340 428
346 428
347 427
349 427
351 425
352 425
354 423
355 423
356 422
357 422
358 421
360 421
361 420
363 420
365 418
365 414
366 413
367 414
367 415
371 415
371 412
370 411
369 411
371 413
371 414
370 415
368 415
366 413
365 414
365 418
363 420
361 420
360 421
358 421
357 422
356 422
355 423
354 423
353 424
352 424
350 426
349 426
348 427
347 427
346 428
341 428
340 427
340 426
344 422
345 422
348 419
349 419
350 418
351 418
353 416
354 416
356 414
359 414
360 413
361 413
362 412
364 412
365 411
367 411
8
360 418
340 430
359 415
364 412
345 421
344 425
346 424
371 412
45
401 408
400 409
398 409
397 410
396 410
395 411
394 411
391 414
390 414
388 416
387 416
386 417
384 417
383 418
382 418
381 419
380 419
379 420
378 420
375 423
374 423
373 424
373 425
372 426
373 427
373 428
374 428
375 429
377 429
378 428
380 428
381 427
382 427
384 425
387 425
387 424
388 423
388 422
390 420
395 420
395 419
397 417
403 417
405 415
405 408
4
375 431
370 423
404 406
408 414
63
184 403
189 403
190 404
192 404
193 405
201 405
206 410
206 411
207 412
207 414
205 416
207 418
206 419
205 419
205 420
204 421
201 421
200 420
196 420
195 419
194 419
193 418
190 418
188 416
188 415
187 414
186 414
184 412
184 411
183 410
183 407
182 407
183 408
183 410
184 411
184 412
186 414
187 414
188 415
188 416
190 418
193 418
195 420
200 420
201 421
204 421
206 419
207 419
207 418
205 416
207 414
207 412
206 411
206 410
205 409
205 408
203 406
202 406
201 405
193 405
192 404
190 404
189 403
9
205 411
204 419
190 416
183 406
190 416
204 419
205 414
200 407
189 404
25
413 408
413 405
412 404
412 403
415 400
416 400
419 397
420 397
422 395
423 395
424 394
426 394
429 397
429 401
430 402
430 403
428 405
424 405
423 404
421 404
420 405
419 405
417 407
416 407
415 408
4
413 408
410 397
428 393
431 404
16
183 401
181 401
180 400
180 399
182 397
183 397
184 398
186 398
187 399
195 399
196 400
200 400
202 398
206 398
207 397
207 389
4
182 406
179 398
207 389
210 397
79
338 418
337 418
336 419
332 419
330 417
330 416
329 415
329 409
328 408
328 405
330 403
331 403
332 402
335 402
336 401
337 401
338 400
339 400
340 399
342 399
343 398
345 398
346 397
347 397
348 396
350 396
351 395
353 395
354 394
356 394
357 393
358 393
359 392
361 392
362 391
363 391
364 390
366 390
367 389
371 389
372 388
374 388
375 387
376 387
377 386
379 388
379 392
380 393
380 394
381 395
381 398
380 399
379 399
378 400
377 400
374 403
373 403
372 404
371 404
370 405
367 405
366 406
365 406
363 408
361 408
360 409
358 409
357 410
356 410
355 411
353 411
352 412
351 412
350 413
347 413
346 414
345 414
342 417
340 417
4
331 421
325 405
378 385
384 401
27
449 381
448 382
446 382
443 385
442 385
441 386
440 386
438 388
435 388
434 389
433 389
431 391
431 394
432 394
433 395
436 395
437 394
444 394
447 391
448 391
449 390
454 390
454 389
455 388
455 384
454 384
451 381
4
433 398
429 389
453 379
457 389
51
180 407
180 403
175 398
172 398
172 401
173 402
174 402
175 403
175 406
177 408
177 411
174 414
173 414
169 410
169 409
168 408
165 408
164 407
162 407
160 405
160 401
163 398
164 398
165 399
167 399
168 398
170 398
170 396
168 394
168 384
169 383
169 382
172 379
173 380
176 380
177 379
178 379
179 378
182 378
183 379
184 378
185 379
188 379
190 381
190 382
193 385
195 385
196 386
198 386
199 387
204 387
11
177 411
178 402
174 398
181 407
205 386
184 385
172 384
170 382
169 398
165 402
161 401
39
480 366
479 367
478 367
477 368
472 368
471 369
470 369
469 370
468 370
467 371
466 371
465 372
464 372
463 373
462 373
458 377
457 377
457 378
456 379
457 380
457 381
462 381
463 380
467 380
469 378
470 378
471 377
473 377
474 376
476 376
479 373
482 376
485 376
486 375
487 375
488 374
488 369
487 369
484 366
4
457 382
454 372
487 364
489 375
39
247 364
246 365
244 365
243 366
242 366
240 368
239 368
237 370
236 370
234 372
233 372
231 374
231 376
232 377
232 381
233 382
233 383
235 385
235 386
241 386
242 385
243 385
247 381
247 380
249 378
250 378
251 377
252 377
255 374
256 374
257 373
258 373
262 369
262 367
261 366
260 366
259 365
256 365
255 364
4
237 389
228 375
255 357
264 371
59
178 343
176 345
176 355
177 356
177 358
176 359
178 361
183 361
184 362
185 362
186 363
192 363
193 362
194 362
195 363
196 363
197 364
204 364
207 367
207 371
206 372
206 373
205 374
205 379
204 380
204 383
205 384
205 385
206 386
213 386
214 385
214 379
215 378
215 377
217 375
217 371
215 369
215 368
213 366
213 361
215 359
215 357
211 353
210 353
209 352
206 352
205 351
197 351
196 350
195 350
194 349
193 349
192 348
190 348
188 346
187 346
186 345
184 345
182 343
7
214 359
212 373
209 388
203 379
206 364
176 360
178 348
83
122 440
122 437
121 436
120 436
119 435
118 435
116 433
116 424
117 423
117 418
118 417
118 410
119 409
119 404
120 403
120 396
121 395
121 392
122 391
122 385
123 384
123 379
124 378
124 373
125 372
125 368
123 366
123 365
122 364
122 354
123 353
123 351
124 350
124 344
127 341
128 341
129 340
130 340
131 341
131 347
133 349
134 349
135 350
142 350
145 353
144 354
143 354
143 355
144 356
146 356
147 357
147 358
148 359
148 365
147 366
147 371
146 372
146 373
145 374
145 375
144 376
144 380
143 381
143 386
142 387
142 390
141 391
141 392
140 393
140 394
139 395
139 396
138 397
138 413
137 414
137 415
136 416
136 423
135 424
135 425
136 426
136 434
137 435
11
135 430
138 400
143 365
144 354
135 353
128 343
125 346
124 358
123 370
121 435
121 435
5
412 335
414 337
414 340
414 336
413 335
4
414 340
412 335
413 334
415 339
30
362 335
361 336
360 336
358 338
357 338
356 339
355 339
355 342
356 343
356 344
355 345
355 346
356 347
356 348
357 349
357 350
358 351
358 352
359 353
364 353
365 352
368 352
370 350
370 345
369 344
369 342
368 341
368 339
365 336
365 335
4
358 355
352 338
366 334
372 351
2
299 335
300 335
4
299 335
299 335
300 335
300 335
54
55 335
54 336
49 336
48 337
47 337
47 341
48 342
48 348
49 349
49 351
48 352
49 353
49 357
50 358
50 364
51 365
51 367
50 368
51 369
51 371
52 372
52 378
53 379
53 380
54 381
54 386
53 387
54 388
54 389
56 391
56 392
57 393
59 393
61 391
64 391
65 390
68 390
69 389
69 375
68 374
68 363
67 362
67 359
66 358
66 356
67 355
67 353
66 352
66 349
65 348
65 342
64 341
64 337
62 335
4
53 394
46 336
65 334
72 391
6
294 340
294 338
293 337
293 336
295 334
297 334
4
294 340
292 339
295 333
297 334
36
414 326
409 331
403 331
402 330
401 331
400 331
399 332
399 334
402 337
403 337
405 335
407 335
409 333
410 334
410 335
410 333
408 333
408 334
407 335
405 335
403 337
402 337
401 336
401 335
399 333
402 330
403 331
409 331
410 330
411 330
415 326
416 327
416 328
419 328
417 328
415 326
4
400 338
398 331
418 325
420 332
92
494 324
492 326
488 326
487 325
485 325
483 327
482 327
481 328
480 328
477 331
476 331
476 334
474 336
473 336
472 337
472 339
473 340
473 341
474 342
477 342
478 343
476 345
475 345
473 347
472 347
469 350
466 350
464 348
464 346
465 345
466 345
467 346
466 347
467 347
467 345
465 345
464 346
457 339
457 338
461 334
459 336
458 336
457 337
457 339
458 340
458 341
464 347
464 349
465 350
469 350
470 349
471 349
474 346
475 346
477 344
478 344
478 342
474 342
473 341
473 340
472 339
472 338
475 335
476 335
476 332
480 328
481 328
482 327
483 327
484 326
485 326
486 325
487 325
488 326
493 326
495 324
496 324
497 325
497 326
495 328
495 330
497 332
499 332
498 332
497 331
496 331
495 330
495 329
496 328
496 327
497 326
497 324
16
495 327
496 329
496 325
494 320
479 329
471 334
477 344
467 350
458 335
460 333
459 338
467 350
477 344
472 337
474 332
496 323
43
234 322
233 323
232 323
229 326
229 327
227 329
226 329
225 330
225 331
223 333
223 334
219 338
218 338
217 339
217 340
216 341
216 344
217 345
217 346
218 347
219 347
220 348
221 348
223 350
228 350
229 349
229 348
230 347
230 344
231 343
231 341
234 338
234 337
235 336
235 335
236 334
236 333
237 332
237 330
238 329
238 325
236 323
235 323
4
227 352
214 345
227 319
241 325
2
315 319
316 319
4
315 319
315 319
316 319
316 319
14
416 340
418 340
419 339
423 339
429 333
431 333
433 331
434 331
436 329
436 326
437 325
437 319
436 319
432 315
4
425 346
416 340
432 315
441 321
20
299 341
299 340
303 336
306 336
308 334
309 334
310 333
310 332
313 329
314 329
315 328
316 328
317 327
320 327
320 325
319 324
319 320
322 317
322 315
321 315
4
304 345
299 341
321 315
327 319
50
498 310
497 311
496 311
495 312
494 312
492 314
491 314
489 316
488 316
484 320
483 320
478 325
477 325
474 328
473 328
472 329
471 329
469 331
468 331
467 332
466 332
465 333
463 331
462 331
462 332
463 331
465 333
466 332
468 332
470 330
471 330
473 328
474 328
476 326
477 326
479 324
480 324
480 323
482 321
483 321
485 319
486 319
490 315
491 315
493 313
494 313
496 311
497 311
498 310
499 310
4
464 335
462 331
499 309
501 313
60
415 288
414 289
413 289
412 290
408 290
407 289
404 289
403 290
402 290
401 291
400 291
399 292
398 292
397 293
396 293
393 296
392 296
391 297
390 297
389 298
387 298
385 300
385 306
386 307
387 307
388 308
391 308
392 307
393 307
394 306
395 306
397 304
398 304
399 303
400 303
402 301
404 301
406 299
407 299
410 296
411 297
411 301
410 302
409 302
409 304
411 304
412 305
413 305
414 306
417 306
418 305
419 305
419 304
421 302
421 297
420 296
420 295
419 294
419 290
417 288
4
385 308
384 290
420 288
422 306
51
341 281
340 282
339 282
335 286
334 286
333 287
332 287
330 289
330 290
329 291
330 292
330 296
329 297
329 298
326 301
326 305
327 306
327 309
326 310
327 311
327 313
328 314
328 315
334 315
335 314
336 314
337 313
338 313
342 309
343 309
344 308
345 308
347 306
348 306
349 305
350 305
350 304
351 303
351 302
352 301
352 297
350 295
350 293
348 291
348 290
345 287
345 285
344 284
344 283
343 282
343 281
4
330 318
316 295
342 280
356 303
3
317 281
316 282
317 282
4
317 283
316 282
317 281
318 282
89
490 277
489 278
488 278
487 279
486 279
485 280
484 280
482 282
481 282
480 283
479 283
477 285
476 285
475 286
474 286
473 287
472 287
470 289
469 289
468 290
467 290
465 292
464 292
462 294
461 294
459 296
458 296
456 298
455 298
454 299
453 299
450 302
449 302
448 303
447 303
447 305
448 306
448 308
445 311
442 311
441 312
441 314
440 315
440 320
441 321
441 322
444 325
444 328
447 331
449 331
450 332
452 332
453 331
453 330
455 328
457 328
457 325
459 323
460 323
461 322
462 322
463 321
464 321
465 320
466 320
469 317
472 317
472 315
474 313
476 313
479 310
479 308
481 306
482 306
485 303
486 303
488 301
489 301
490 300
490 299
494 295
494 293
495 292
495 291
496 290
496 283
495 282
495 279
493 277
8
491 290
490 299
452 331
444 330
445 317
446 309
450 305
492 278
2
257 273
257 277
4
257 273
257 273
257 277
257 277
40
108 268
107 269
104 269
103 270
102 270
101 271
98 271
98 278
101 281
101 283
105 287
106 287
107 288
109 288
111 290
113 290
114 291
116 291
117 292
117 293
120 293
121 292
124 292
124 291
125 290
125 281
124 280
124 279
121 276
120 276
119 275
118 275
117 276
115 276
113 274
113 271
112 270
112 269
111 269
110 268
4
119 298
93 278
104 263
131 283
44
24 260
23 261
22 261
21 262
20 262
20 263
19 264
19 265
20 266
20 272
21 273
21 275
22 276
22 280
23 281
23 283
24 284
24 293
25 294
25 295
26 296
26 297
27 298
27 302
28 303
28 304
29 305
33 305
33 301
32 300
32 297
36 293
36 287
35 286
35 281
33 279
33 276
32 275
32 273
31 272
31 262
30 261
29 261
28 260
4
27 306
18 261
31 259
39 304
70
475 254
471 258
470 258
469 259
468 259
467 260
466 260
464 262
463 262
462 263
461 263
459 265
458 265
455 268
454 268
452 270
451 270
450 271
449 271
447 273
446 273
444 275
443 275
440 278
439 278
438 279
437 279
435 281
434 281
433 282
432 282
430 284
431 285
431 286
434 289
434 290
436 290
437 291
440 291
441 290
442 290
443 289
444 289
445 288
446 288
449 285
451 285
452 284
453 284
456 281
458 281
460 279
461 279
463 277
464 277
465 276
466 276
468 274
469 274
472 271
473 271
474 270
476 270
480 266
480 261
479 260
479 257
478 256
478 255
477 254
4
437 295
429 283
477 253
484 265
15
251 276
252 275
253 275
255 277
255 279
254 280
254 281
253 282
253 285
255 287
256 287
258 285
258 282
257 281
257 280
4
254 288
251 275
256 274
259 286
62
81 254
80 255
78 255
77 256
75 256
74 257
73 257
73 263
74 264
74 267
75 268
75 269
76 270
76 275
77 276
77 279
78 280
78 281
79 282
79 285
80 286
80 288
81 289
81 290
82 291
82 295
83 296
83 297
84 298
84 300
85 301
85 302
86 303
92 303
93 302
96 302
97 301
98 301
98 295
97 294
97 292
96 291
96 290
95 289
95 285
93 283
93 282
92 281
92 277
91 276
91 269
90 268
90 266
89 265
89 264
88 263
88 262
87 261
87 259
86 258
86 255
85 254
4
84 305
71 257
87 253
100 301
33
49 251
48 252
46 252
45 253
40 253
39 254
36 254
35 255
34 255
33 256
33 257
34 256
37 259
37 262
35 264
34 264
34 266
35 267
39 267
40 266
41 266
42 265
51 265
54 262
55 262
55 259
54 258
55 257
55 255
54 254
54 252
53 252
52 251
4
34 268
32 254
54 250
57 264
107
225 324
225 320
224 319
224 317
223 317
222 316
220 316
219 315
217 315
216 314
216 312
214 310
214 309
213 308
213 307
212 306
209 306
208 307
207 307
207 308
206 309
206 310
204 312
199 312
198 313
195 313
192 316
190 316
189 317
186 317
185 318
184 318
183 319
181 319
180 320
176 320
174 318
174 317
173 316
173 315
172 314
172 310
170 308
170 306
169 305
169 301
168 300
168 298
167 297
167 295
166 294
166 292
165 291
165 288
164 287
164 284
163 283
163 282
162 281
162 276
161 275
161 273
160 272
160 270
159 269
159 268
158 267
158 264
157 263
160 260
161 260
162 259
165 259
166 258
169 258
170 257
173 257
174 256
177 256
178 255
181 255
182 254
185 254
186 253
188 253
189 254
189 257
190 258
190 259
191 260
193 260
194 259
197 259
198 258
199 258
199 252
200 251
200 250
202 248
203 248
205 246
206 246
207 247
207 248
208 249
208 250
207 251
10
202 251
197 259
192 260
185 256
162 262
176 316
213 306
214 312
222 317
222 320
68
211 248
210 247
211 246
214 246
215 247
216 247
217 248
223 248
224 247
226 247
227 246
231 246
232 247
232 248
233 249
233 250
234 251
234 253
235 254
235 256
236 257
236 269
237 270
237 271
238 272
238 274
239 275
239 276
240 277
240 279
241 280
241 281
242 282
242 287
243 288
243 292
244 293
244 295
245 296
245 299
246 300
246 304
247 305
247 308
244 311
239 311
237 313
238 314
238 315
239 316
241 316
242 317
241 318
238 318
237 319
231 319
228 322
227 322
227 324
227 323
229 321
230 321
232 319
238 319
239 318
241 318
242 319
243 319
9
240 319
233 315
230 322
231 318
240 316
239 313
244 306
234 245
208 248
79
256 328
256 327
257 326
258 326
259 325
260 325
261 324
263 324
264 325
268 325
270 323
271 323
273 321
274 321
276 319
277 319
279 317
280 317
281 316
282 316
285 313
286 313
288 311
289 311
291 309
292 309
293 308
294 308
297 305
298 305
300 303
301 303
302 302
303 302
304 301
305 301
308 298
309 298
311 296
312 296
314 294
315 294
321 288
322 288
324 286
325 286
326 285
327 285
328 284
329 284
332 281
333 281
334 280
335 280
337 278
338 278
339 277
340 277
341 276
341 274
339 272
339 271
341 269
342 269
343 270
348 270
352 266
354 266
355 265
356 265
358 263
359 263
360 262
360 253
359 252
359 251
358 250
358 245
357 245
7
358 248
356 265
347 273
338 272
338 276
266 323
261 327
1
379 242
4
379 242
379 242
379 242
379 242
23
370 242
371 243
371 244
372 245
372 246
374 248
376 248
377 249
379 249
379 248
380 247
380 244
379 244
380 245
380 247
378 249
377 249
376 248
374 248
373 247
373 246
371 244
371 243
4
380 250
369 247
370 242
381 244
20
394 241
393 242
392 242
391 243
390 243
389 244
388 244
387 245
384 245
381 242
383 244
383 245
387 245
388 244
389 244
390 243
391 243
392 242
394 242
395 241
4
381 245
381 242
395 241
395 244
27
46 232
45 233
39 233
38 234
35 234
34 235
30 235
29 236
24 236
23 237
22 237
22 238
21 239
21 243
22 244
35 244
38 241
41 241
44 244
52 244
52 242
53 241
53 239
52 238
52 233
51 233
50 232
4
21 244
21 232
53 232
53 244
76
368 242
368 241
371 238
376 238
376 237
379 234
381 234
382 233
383 233
384 232
385 232
388 229
389 229
390 228
391 228
394 225
395 225
398 222
399 222
402 219
403 219
405 217
406 217
408 215
410 215
412 217
412 218
413 219
413 220
414 221
414 225
411 228
410 228
410 229
407 232
406 232
405 233
404 233
402 235
401 235
400 236
399 236
397 238
396 238
396 239
398 241
398 242
397 243
398 244
398 245
400 245
401 244
402 244
402 242
401 242
400 241
398 241
396 239
398 237
399 237
401 235
402 235
403 234
404 234
406 232
407 233
407 234
409 234
409 230
412 227
413 227
414 226
414 221
413 220
413 218
410 215
10
407 216
411 217
408 234
399 239
400 242
398 244
399 235
414 227
409 219
370 240
64
212 211
211 212
210 212
208 214
208 216
207 217
206 217
205 216
204 216
204 218
206 220
205 221
205 223
206 224
206 225
207 226
208 226
209 227
213 227
214 228
215 228
216 229
218 229
219 230
220 230
221 231
223 231
224 232
225 232
226 233
228 233
229 234
230 234
231 235
233 235
234 236
236 236
237 235
239 235
239 233
240 232
240 231
241 230
241 223
239 221
236 221
235 220
233 220
232 219
231 219
230 218
229 218
228 217
227 217
226 216
223 216
222 215
221 215
220 214
219 214
218 213
216 213
215 212
213 212
4
238 238
201 224
207 209
244 222
4
333 209
333 211
335 211
335 209
4
335 211
333 211
333 209
335 209
55
178 203
177 204
176 204
174 206
173 205
172 205
171 204
170 205
169 205
167 207
158 207
157 208
154 208
153 209
147 209
146 210
143 210
142 211
141 211
139 213
139 214
138 215
138 216
139 217
139 223
140 224
140 225
146 225
147 224
152 224
153 223
156 223
157 222
160 222
161 221
166 221
167 220
171 220
172 219
174 219
175 218
180 218
181 217
182 217
183 216
183 214
184 213
184 211
183 210
183 209
182 208
182 206
181 205
181 204
180 203
4
140 227
137 211
182 202
185 217
5
49 190
49 191
50 190
51 191
51 190
4
51 191
49 191
49 190
51 190
4
287 189
286 190
287 189
288 189
4
286 190
286 190
288 189
288 189
24
0 185
1 185
2 184
4 184
5 183
7 183
9 185
9 186
11 188
11 189
12 190
12 193
16 197
16 203
14 205
11 205
10 206
9 206
8 207
4 207
1 204
1 201
0 200
0 199
4
0 207
0 183
16 183
16 207
17
286 192
285 192
284 191
283 191
281 189
280 189
279 188
278 188
277 187
277 185
276 184
276 180
273 177
273 176
272 175
272 173
274 171
4
281 195
269 174
274 171
286 192
38
368 182
368 184
369 185
370 185
372 187
373 187
374 188
375 188
377 190
377 191
379 193
381 193
382 194
383 194
384 195
386 195
387 196
388 196
389 195
389 194
391 192
391 191
393 189
393 186
392 185
391 185
388 182
387 182
386 181
385 181
384 180
383 180
379 176
378 176
374 172
373 172
372 171
370 171
4
387 198
363 181
371 170
395 187
43
37 197
38 198
40 198
41 197
43 197
44 196
45 197
45 196
43 196
42 197
41 197
40 196
40 195
34 195
33 196
29 196
28 197
26 197
22 193
22 191
21 190
21 188
20 187
20 182
19 181
19 180
18 179
18 176
17 175
20 172
21 172
22 171
23 171
24 170
24 169
22 167
22 165
23 164
24 165
24 166
25 167
25 166
23 164
7
35 201
26 166
23 171
19 177
24 195
29 198
38 195
13
139 169
138 169
137 170
136 170
135 169
132 169
131 168
130 168
129 167
130 166
130 164
129 163
129 162
4
137 173
127 166
129 162
139 169
25
47 196
50 193
53 193
59 187
60 187
61 186
65 186
66 185
67 185
68 184
76 184
76 174
75 173
75 172
74 171
74 168
73 167
73 164
72 163
72 162
70 160
70 159
69 158
69 157
68 156
4
64 158
75 180
63 187
49 193
20
27 169
28 168
33 168
34 167
36 167
36 165
38 163
39 164
42 164
43 165
42 166
40 166
43 166
43 165
42 164
43 163
43 162
44 161
45 162
45 163
4
28 171
26 167
45 161
46 165
47
340 151
338 153
338 155
337 156
337 159
338 160
338 161
339 162
340 162
342 164
342 165
344 167
344 170
341 173
340 173
340 174
339 175
339 176
338 177
338 180
339 181
339 182
340 182
341 183
348 183
349 182
350 182
352 180
353 180
353 179
357 175
357 174
362 169
362 167
361 166
361 165
359 163
359 162
354 157
353 157
352 156
351 156
348 153
347 153
346 152
345 152
344 151
7
351 155
363 166
347 181
340 175
346 168
339 163
339 156
33
239 194
238 193
239 192
239 191
240 190
240 189
241 188
241 187
243 185
243 184
245 182
245 179
249 175
249 172
250 171
250 170
251 169
251 168
252 167
252 166
253 165
253 164
255 162
255 157
254 156
253 156
252 155
251 155
250 154
249 154
248 153
247 153
244 150
3
243 152
254 156
242 190
3
293 146
293 147
294 147
4
294 148
293 146
293 146
294 147
111
315 196
314 197
315 198
318 198
318 197
320 195
321 195
323 193
324 193
325 192
326 192
327 193
327 194
328 195
328 196
331 199
331 203
330 204
331 205
333 205
334 206
336 206
338 204
338 196
340 194
340 189
341 188
342 188
345 191
346 191
347 192
348 192
349 193
350 193
352 195
353 195
367 209
366 210
365 210
364 211
363 211
363 212
362 213
362 215
365 218
365 219
366 220
366 221
367 222
367 223
368 224
368 226
366 228
363 228
362 227
361 227
360 226
359 227
358 227
357 228
355 228
353 226
352 226
351 225
350 225
349 224
343 224
342 225
339 225
338 226
337 225
337 224
338 223
339 223
337 223
337 225
338 226
338 229
339 230
339 232
337 234
335 234
333 232
332 232
331 231
330 231
329 230
329 229
326 226
326 225
320 219
320 218
319 217
318 217
315 214
314 214
313 213
312 213
309 210
309 208
303 202
303 201
301 201
299 203
291 203
290 202
290 200
289 199
289 196
288 195
288 194
15
296 203
302 202
338 230
335 228
340 221
350 229
365 227
363 212
366 210
342 192
333 205
333 205
326 193
324 203
292 194
28
285 142
284 143
284 144
281 147
279 147
277 149
278 150
278 154
274 158
274 160
273 161
273 169
274 169
273 168
273 161
274 160
274 158
276 156
277 156
278 155
278 150
277 149
279 147
281 147
282 146
283 146
284 145
284 143
4
274 169
269 167
281 140
285 142
15
320 140
319 141
318 141
317 142
318 143
318 144
319 145
323 145
324 144
325 144
325 142
320 142
319 141
320 140
321 140
4
317 145
317 140
325 140
325 145
27
182 143
182 141
183 140
184 141
184 145
183 146
183 148
182 149
181 149
181 151
181 150
182 149
183 149
184 150
183 151
183 157
179 161
179 162
181 160
181 159
183 157
183 151
184 150
183 149
183 146
184 145
184 141
4
182 162
179 162
182 140
185 140
2
318 138
318 139
4
318 138
318 138
318 139
318 139
25
181 145
180 144
178 144
178 145
177 146
175 146
174 145
173 145
172 144
168 144
167 143
166 143
165 142
164 142
162 140
161 140
160 139
159 139
158 138
157 138
156 137
155 137
154 136
153 136
152 135
4
180 148
151 138
152 135
181 144
73
87 146
86 145
85 145
84 144
83 144
82 145
81 145
81 146
80 147
80 152
81 153
81 154
82 155
82 156
81 157
82 158
82 161
83 162
83 163
84 164
84 167
85 168
85 169
86 170
86 172
87 173
87 177
88 178
88 179
89 180
89 181
90 182
90 183
91 184
91 187
92 188
92 189
93 190
93 191
95 193
95 194
96 195
102 195
103 194
103 193
104 192
104 188
103 187
103 181
101 179
101 178
100 177
100 176
99 175
99 169
98 168
98 167
96 165
96 164
93 161
93 160
96 157
97 157
97 153
96 152
96 149
95 148
95 146
94 145
94 142
93 141
93 138
94 137
9
95 162
95 165
98 178
102 196
91 189
84 149
83 146
87 148
91 141
2
5 132
6 132
4
5 132
5 132
6 132
6 132
21
90 131
89 132
86 132
85 133
85 134
84 135
84 137
85 138
85 139
88 142
88 144
88 141
87 141
85 139
85 138
84 137
84 135
87 132
89 132
90 131
93 131
4
88 144
81 142
86 128
93 131
23
306 132
307 133
307 135
308 136
308 137
314 137
314 136
315 135
316 136
319 136
320 135
321 135
322 136
322 137
324 139
323 140
324 140
324 138
320 134
319 134
317 132
316 132
314 130
4
324 140
305 136
307 129
326 132
8
307 127
307 130
309 130
308 130
307 129
307 128
308 127
310 127
4
310 130
307 130
307 127
310 127
57
0 138
2 138
3 137
4 137
5 136
9 136
10 135
12 135
13 134
16 134
17 133
19 133
20 132
23 132
24 131
27 131
28 130
32 130
33 129
35 129
36 128
38 128
39 127
42 127
43 126
45 126
48 129
48 132
49 133
49 134
50 135
50 137
49 138
49 139
48 140
48 141
47 142
38 142
37 143
35 143
34 144
31 144
30 145
22 145
21 146
20 146
19 147
17 147
16 148
15 148
14 149
10 149
9 150
4 150
1 147
1 145
0 144
4
2 153
-2 137
47 125
51 141
1
199 125
4
199 125
199 125
199 125
199 125
11
305 130
304 129
303 130
301 130
300 129
300 127
303 124
306 124
307 125
311 125
313 127
4
300 130
300 124
313 124
313 130
77
237 195
234 195
233 194
233 192
232 191
232 190
230 188
230 187
229 186
229 184
227 184
225 182
224 182
223 181
223 177
221 175
221 173
219 171
218 171
217 170
216 170
215 169
214 169
214 171
215 172
215 173
216 174
216 175
214 177
211 177
210 178
208 178
207 177
206 177
205 176
204 176
203 175
202 175
200 173
199 174
197 174
196 173
194 173
191 170
191 169
192 168
192 162
190 160
190 159
189 158
189 157
188 156
188 154
187 153
187 145
188 144
188 142
187 141
187 140
186 139
186 136
185 135
186 134
186 132
187 131
187 129
186 128
188 126
188 124
190 122
195 122
196 123
196 124
197 125
197 126
197 124
195 122
9
201 123
189 126
184 136
195 166
208 172
216 175
213 169
221 172
233 193
42
241 149
240 148
242 146
243 147
243 146
242 146
240 148
237 148
236 147
235 147
234 146
233 146
232 145
231 145
230 144
229 144
227 142
226 142
225 141
223 141
221 139
221 138
219 136
217 136
216 135
214 135
213 134
212 134
211 133
209 133
208 132
207 132
206 131
205 131
203 129
201 129
200 128
200 127
201 126
202 126
204 124
204 121
4
239 153
199 128
204 121
243 146
28
79 131
78 132
75 132
74 133
72 133
71 132
71 131
70 130
70 128
69 127
69 126
68 125
69 124
69 121
73 117
74 117
75 116
78 119
78 120
79 121
79 127
78 128
78 129
79 128
79 121
78 120
78 118
76 116
4
68 133
68 116
79 116
79 133
3
262 115
263 116
263 115
4
263 116
262 115
263 115
264 116
11
276 128
276 127
277 126
277 123
276 122
276 121
272 117
271 117
269 115
268 115
267 114
4
276 128
267 114
270 112
279 126
2
263 112
263 113
4
263 112
263 112
263 113
263 113
2
260 113
259 112
4
259 112
259 112
260 113
260 113
2
59 110
60 110
4
59 110
59 110
60 110
60 110
43
55 109
54 110
54 111
53 112
53 114
54 115
54 117
56 119
56 125
57 125
58 126
61 126
62 125
63 125
63 123
62 122
62 121
61 120
61 117
62 116
62 112
63 111
63 110
62 110
63 111
62 112
62 116
61 117
61 120
62 121
62 122
63 123
63 124
61 126
58 126
56 124
56 119
54 117
54 115
53 114
53 112
56 109
57 109
4
53 126
53 109
63 109
63 126
4
15 109
14 110
13 110
15 110
4
13 111
13 110
15 109
15 110
38
38 107
37 108
37 109
38 110
38 111
39 112
39 113
40 114
40 116
39 117
38 117
37 118
32 118
29 121
28 121
27 122
25 122
24 123
21 123
20 124
19 124
18 125
17 125
16 126
14 126
13 127
12 127
11 128
10 128
9 127
8 128
6 128
5 129
2 129
1 128
0 128
2 130
2 132
4
4 136
0 128
38 107
42 115
8
5 113
5 112
6 111
8 111
10 109
11 109
13 107
15 107
4
5 113
4 112
14 106
15 107
12
17 106
18 105
20 105
21 104
25 104
26 103
29 103
30 102
36 102
37 103
37 105
37 102
4
17 106
17 103
37 102
37 105
20
239 99
239 100
240 101
240 102
242 104
243 104
244 105
245 105
247 107
248 107
249 108
251 108
253 106
254 106
255 107
256 107
257 108
259 108
260 109
261 109
4
259 113
237 103
239 99
261 109
1
69 95
4
69 95
69 95
69 95
69 95
31
274 129
273 128
271 128
270 129
265 129
264 128
264 127
263 126
262 127
261 127
255 133
252 133
251 132
250 132
246 128
246 127
241 122
237 122
232 117
232 116
231 116
229 114
228 114
227 113
223 113
220 110
220 108
222 106
222 102
223 101
224 101
5
221 106
223 114
254 130
266 126
269 127
29
57 107
55 107
54 106
54 105
55 104
55 103
56 102
62 102
63 101
64 101
65 100
65 98
67 96
69 98
69 99
72 102
72 103
74 105
74 107
73 108
71 108
70 109
68 109
67 110
66 110
64 108
63 108
61 106
60 107
4
59 116
53 104
69 95
75 107
9
162 74
161 75
160 75
160 77
162 77
163 76
164 76
164 75
163 74
4
160 78
159 75
163 73
164 76
30
56 72
55 73
34 73
34 75
33 76
33 77
32 78
33 79
33 83
34 84
34 85
35 86
41 86
41 85
42 84
42 83
44 81
47 81
48 82
52 82
53 81
55 83
62 83
63 82
65 82
65 77
64 76
64 74
63 73
63 72
4
32 86
32 73
65 72
65 85
4
195 71
195 73
197 73
197 71
4
197 73
195 73
195 71
197 71
2
3 65
3 66
4
3 65
3 65
3 66
3 66
2
1 65
1 67
4
1 65
1 65
1 67
1 67
27
185 85
185 83
187 81
188 81
191 78
192 78
193 79
193 80
194 80
198 84
201 84
201 83
202 82
202 80
205 77
205 76
206 75
209 75
210 74
213 77
213 79
212 80
211 80
210 79
209 79
208 78
207 78
4
185 87
184 80
212 74
214 81
1
3 57
4
3 57
3 57
3 57
3 57
7
1 57
1 62
3 62
3 59
3 61
2 62
1 61
4
1 62
1 57
3 57
3 62
35
29 52
29 53
28 54
28 55
27 56
28 57
28 58
29 59
30 59
34 63
34 67
36 69
37 69
38 70
42 70
42 67
41 66
41 64
42 63
46 63
47 62
47 59
46 58
45 58
44 57
43 57
42 56
41 56
40 55
39 55
38 54
37 54
36 53
33 53
32 52
4
42 72
24 63
30 50
48 59
80
5 52
4 53
3 53
2 54
0 54
3 54
5 52
16 52
17 53
18 53
20 55
20 56
21 57
21 58
22 59
22 61
24 63
24 70
25 71
25 73
26 74
26 77
25 78
26 79
26 88
24 90
22 90
21 91
20 91
20 92
19 93
19 94
15 98
8 98
6 96
6 95
5 94
5 93
3 93
3 95
2 96
1 96
0 97
1 97
3 95
3 94
4 93
6 95
6 96
7 97
7 98
15 98
16 97
17 97
18 96
18 95
19 94
19 93
22 90
24 90
25 89
26 89
26 79
25 78
26 77
26 74
25 73
25 71
24 70
24 63
22 61
22 59
21 58
21 57
20 56
20 54
19 54
18 53
17 53
16 52
14
24 54
23 63
22 92
17 97
11 96
8 96
5 93
8 93
8 93
19 100
26 90
20 59
15 56
10 52
79
182 84
182 85
183 86
183 87
180 90
180 91
178 93
177 93
174 96
174 97
173 98
173 99
172 100
172 101
169 104
169 107
168 108
168 109
167 110
167 112
166 113
165 113
164 114
161 114
160 113
158 113
156 111
156 110
155 110
151 106
150 106
147 103
147 102
146 101
146 99
147 98
147 95
145 93
145 89
146 88
146 85
147 84
149 84
151 82
153 82
153 77
151 77
148 74
148 73
145 70
144 70
140 66
139 66
137 64
137 63
135 61
134 61
133 60
132 60
129 57
128 57
124 53
124 52
123 52
119 48
118 48
115 45
114 45
112 43
112 42
113 41
113 40
116 37
116 36
117 35
117 33
118 32
118 31
119 30
9
180 81
122 32
112 43
152 77
152 81
145 82
146 99
157 109
161 113
35
81 48
80 47
79 47
76 44
76 38
77 37
77 34
78 33
78 32
80 30
83 30
85 32
85 34
84 35
83 35
83 36
88 41
88 43
87 44
86 44
85 45
84 45
83 46
83 47
86 44
88 44
88 41
87 40
87 39
86 38
85 38
83 36
85 34
85 32
83 30
4
78 49
72 33
84 29
89 45
35
165 72
165 71
167 69
167 68
168 67
168 63
167 62
167 61
166 61
165 60
164 60
162 58
161 58
157 54
156 54
154 52
153 52
149 48
148 48
146 46
146 45
145 44
144 44
143 43
142 43
138 39
137 39
133 35
132 35
129 32
128 32
126 30
125 30
124 29
123 29
3
121 29
165 56
167 67
