500
500
132
2
223 494
224 495
4
223 494
223 494
224 495
224 495
2
371 492
372 492
4
371 492
371 492
372 492
372 492
14
341 499
341 498
342 497
342 492
345 489
348 489
349 490
354 490
355 491
357 491
358 490
366 490
367 491
369 491
4
341 499
339 491
367 483
369 491
13
220 486
220 487
223 490
222 491
222 492
221 493
221 494
220 495
220 496
221 497
223 497
224 498
224 499
4
220 499
219 486
222 486
224 499
22
372 490
371 490
370 489
374 485
381 485
382 484
384 486
384 487
387 490
387 491
385 493
386 494
392 494
393 495
400 495
401 496
406 496
407 497
409 497
410 498
412 498
413 499
6
410 497
387 490
385 487
380 485
377 487
374 486
8
210 499
211 498
211 497
212 496
212 486
213 485
213 484
214 483
4
212 499
210 499
212 483
214 483
33
190 499
190 497
191 496
191 494
192 493
192 486
195 483
197 483
198 484
200 484
201 485
203 485
204 486
204 494
202 496
201 496
201 497
199 499
198 499
197 498
198 497
197 497
197 499
200 499
200 498
203 495
204 495
204 486
203 485
201 485
200 484
198 484
197 483
4
190 499
190 483
204 483
204 499
6
499 481
495 481
494 480
490 480
489 479
485 479
4
499 482
485 479
485 478
499 481
8
169 499
169 498
170 497
170 494
171 493
171 481
170 480
170 478
4
171 499
169 499
170 478
172 478
3
185 475
186 474
186 473
4
185 475
185 475
186 473
186 473
86
152 499
151 498
145 498
144 497
142 497
141 496
140 496
139 495
121 495
120 494
119 494
118 493
113 493
112 492
107 492
105 490
105 489
106 488
106 481
107 480
107 474
110 471
112 471
113 472
116 472
117 473
121 473
124 476
124 479
123 480
123 483
124 484
124 485
125 486
127 486
128 485
128 482
129 481
129 480
130 479
130 477
131 476
136 476
137 477
142 477
143 478
150 478
151 479
164 479
166 477
166 475
167 474
168 475
168 474
166 474
166 477
165 478
164 478
163 479
151 479
150 478
143 478
142 477
137 477
136 476
130 476
130 479
129 480
129 481
128 482
128 484
126 486
125 486
124 485
124 484
123 483
123 480
124 479
124 475
123 474
122 474
121 473
117 473
116 472
113 472
112 471
21
163 478
160 481
130 479
124 485
121 482
124 479
119 472
110 472
107 475
106 489
109 492
118 492
138 493
144 500
147 500
124 476
124 485
130 479
163 481
163 478
166 475
42
56 460
56 461
57 462
59 462
60 463
68 463
69 462
72 462
73 461
76 461
80 465
80 466
87 466
88 467
90 467
91 468
94 468
94 467
96 465
97 466
97 467
97 465
95 465
95 466
93 468
91 468
90 467
88 467
87 466
81 466
79 464
79 463
78 462
77 462
76 461
73 461
72 462
69 462
68 463
60 463
59 462
58 462
4
97 469
56 462
56 458
97 464
22
216 482
215 481
215 473
216 472
216 463
218 461
219 461
221 459
222 459
224 461
226 461
230 465
230 470
229 471
229 475
228 476
228 477
227 478
227 479
223 483
219 483
217 485
4
228 486
214 485
216 458
231 460
39
274 458
273 459
272 459
272 460
271 461
271 465
270 466
270 473
269 474
269 483
270 484
270 485
272 485
273 486
275 486
276 487
279 487
280 488
287 488
288 487
288 486
289 485
289 483
290 482
290 476
291 475
291 474
292 473
292 463
290 461
289 461
288 460
287 460
286 459
285 460
283 460
282 459
281 459
280 458
4
290 489
267 486
271 457
294 460
2
115 458
117 458
4
115 458
115 458
117 458
117 458
12
120 459
120 463
121 464
121 465
119 467
113 467
112 466
111 466
110 465
110 460
112 458
113 458
4
110 467
110 458
121 458
121 467
2
186 456
186 458
4
186 456
186 456
186 458
186 458
4
499 456
493 456
492 455
485 455
4
499 457
485 455
485 454
499 456
2
185 454
185 452
4
185 452
185 452
185 454
185 454
45
201 456
200 456
198 454
198 453
200 451
200 450
202 448
203 448
204 447
208 447
209 448
210 448
212 450
213 450
214 451
214 456
213 457
212 457
211 456
209 456
208 455
207 456
204 456
204 458
207 461
208 461
209 462
209 466
208 467
208 473
207 474
207 475
205 477
204 477
203 476
201 476
200 477
198 477
196 475
196 469
197 468
197 461
198 460
198 459
199 458
4
211 479
195 477
199 446
215 448
14
99 467
99 464
100 463
100 460
101 459
101 451
100 451
99 450
97 450
96 449
91 449
90 448
83 448
82 447
4
99 467
82 447
91 439
108 459
42
169 462
168 461
162 461
161 460
158 460
157 459
155 459
154 460
141 460
140 459
139 459
138 458
136 458
135 457
133 457
131 455
131 454
130 453
130 452
131 451
131 448
134 445
143 445
144 446
152 446
153 447
154 447
155 448
162 448
163 449
165 449
166 450
171 450
172 451
173 451
175 453
175 454
173 456
173 457
171 459
171 460
172 461
4
174 464
129 459
131 444
176 449
18
56 458
55 458
54 457
54 450
55 449
55 448
57 446
59 446
60 445
61 446
66 446
67 447
68 447
69 448
70 448
71 449
72 449
73 450
4
55 459
50 449
69 441
73 450
16
339 452
340 453
338 455
339 456
341 456
342 457
348 457
353 452
353 450
352 449
351 449
350 448
346 448
345 449
336 449
331 444
4
352 459
329 454
331 444
354 449
17
116 443
114 445
114 446
113 447
113 448
112 449
112 454
113 455
113 456
117 456
120 453
122 453
122 452
125 449
125 444
124 444
123 443
4
112 456
112 443
125 443
125 456
72
354 443
353 444
354 445
354 446
355 447
364 447
365 448
368 448
369 447
372 447
373 446
373 445
375 443
376 443
377 442
378 443
382 443
383 442
384 443
385 443
387 445
388 445
389 446
393 446
394 447
396 447
397 446
398 447
404 447
405 448
407 448
408 449
410 449
411 450
413 450
415 448
416 449
418 449
420 451
420 452
421 453
422 453
423 454
428 454
429 453
430 454
432 454
433 453
440 453
441 454
448 454
449 455
450 455
451 456
461 456
462 457
463 457
465 459
470 459
471 458
474 458
475 459
479 459
481 461
481 462
486 462
487 461
489 461
490 462
493 462
494 463
499 463
13
358 441
485 456
485 459
461 456
449 454
437 453
417 450
415 448
388 445
376 443
369 449
360 448
357 447
2
356 442
357 442
4
356 442
356 442
357 442
357 442
2
364 441
365 441
4
364 441
364 441
365 441
365 441
12
133 437
132 438
129 438
128 439
127 439
126 440
124 440
127 440
129 438
132 438
133 437
135 437
4
124 441
124 440
135 436
135 437
4
362 441
362 440
363 439
365 439
4
362 441
361 440
364 438
365 439
82
365 411
364 412
362 412
361 413
360 413
359 414
356 414
355 415
354 415
352 417
351 417
349 419
348 419
347 420
346 420
343 423
342 423
340 425
340 428
346 428
347 427
349 427
351 425
352 425
354 423
355 423
356 422
357 422
358 421
360 421
361 420
363 420
365 418
365 414
366 413
367 414
367 415
371 415
371 412
370 411
369 411
371 413
371 414
370 415
368 415
366 413
365 414
365 418
363 420
361 420
360 421
358 421
357 422
356 422
355 423
354 423
353 424
352 424
350 426
349 426
348 427
347 427
346 428
341 428
340 427
340 426
344 422
345 422
348 419
349 419
350 418
351 418
353 416
354 416
356 414
359 414
360 413
361 413
362 412
364 412
365 411
367 411
16
367 416
364 417
363 421
359 420
354 422
344 427
340 426
352 420
354 416
347 420
344 427
359 420
363 421
366 413
370 414
368 412
45
401 408
400 409
398 409
397 410
396 410
395 411
394 411
391 414
390 414
388 416
387 416
386 417
384 417
383 418
382 418
381 419
380 419
379 420
378 420
375 423
374 423
373 424
373 425
372 426
373 427
373 428
374 428
375 429
377 429
378 428
380 428
381 427
382 427
384 425
387 425
387 424
388 423
388 422
390 420
395 420
395 419
397 417
403 417
405 415
405 408
4
375 431
370 423
404 406
408 414
63
184 403
189 403
190 404
192 404
193 405
201 405
206 410
206 411
207 412
207 414
205 416
207 418
206 419
205 419
205 420
204 421
201 421
200 420
196 420
195 419
194 419
193 418
190 418
188 416
188 415
187 414
186 414
184 412
184 411
183 410
183 407
182 407
183 408
183 410
184 411
184 412
186 414
187 414
188 415
188 416
190 418
193 418
195 420
200 420
201 421
204 421
206 419
207 419
207 418
205 416
207 414
207 412
206 411
206 410
205 409
205 408
203 406
202 406
201 405
193 405
192 404
190 404
189 403
