257
173
2
180
101 31
100 32
97 32
94 35
93 35
92 36
91 36
90 37
88 37
87 36
86 37
83 37
82 38
80 38
80 39
79 40
79 43
80 44
80 54
81 55
81 60
82 61
82 63
83 64
83 65
86 65
87 66
88 66
89 65
90 66
91 66
92 67
92 68
93 69
92 70
92 72
93 73
93 76
94 77
93 78
93 82
94 83
94 84
95 85
95 86
96 87
95 88
96 89
96 97
97 98
97 99
98 100
98 101
99 102
99 104
100 105
100 107
99 108
99 110
100 111
100 114
101 115
101 116
102 117
101 118
102 119
102 120
103 121
103 127
104 128
104 132
105 133
104 134
104 136
105 137
105 139
107 141
108 140
110 140
111 141
112 140
113 140
114 141
115 140
118 140
118 139
119 138
118 137
118 135
119 134
119 133
118 132
118 129
117 128
117 125
116 124
116 118
115 117
115 115
114 114
114 110
113 109
113 107
112 106
112 99
111 98
111 96
110 95
110 86
109 85
109 84
108 83
108 80
107 79
107 74
106 73
106 72
105 71
105 69
106 68
105 67
105 66
104 65
104 64
103 63
103 61
101 59
101 58
100 57
100 54
99 53
99 52
98 51
98 50
99 49
99 47
100 46
103 46
104 47
105 46
107 48
107 49
108 49
109 50
110 50
111 51
113 51
114 50
115 50
116 49
117 50
160 50
161 49
162 49
163 50
164 50
165 51
166 50
167 50
167 48
168 47
167 46
168 45
168 42
167 41
167 38
164 38
163 37
161 37
160 38
110 38
109 37
109 36
108 35
108 33
107 32
106 32
105 31
104 32
103 31
37
168 48
163 53
161 50
116 50
110 51
107 49
107 48
100 49
99 52
101 57
106 70
106 70
110 84
113 103
118 132
119 138
107 140
106 133
106 132
103 120
100 108
99 104
98 96
98 86
93 81
94 68
91 66
83 66
81 44
81 38
87 38
92 38
99 32
105 32
107 35
110 39
165 39
4
33 4
33 6
42 6
42 4
4
42 6
33 6
33 4
42 4
