135
135
1
194
46 14
45 15
44 15
41 18
40 18
39 19
37 19
36 20
35 20
34 19
33 20
31 20
30 21
27 21
27 22
26 23
27 24
27 25
26 26
26 28
27 29
27 31
28 32
27 33
27 37
28 38
28 41
29 42
29 47
30 48
34 48
35 49
36 49
37 48
39 50
39 51
40 52
40 54
39 55
40 56
40 65
41 66
41 67
42 68
42 69
43 70
42 71
43 72
43 74
44 75
44 78
43 79
43 80
44 81
44 82
45 83
45 84
46 85
46 87
47 88
47 90
46 91
46 93
47 94
47 95
48 96
48 101
49 102
49 105
50 106
50 110
51 111
51 114
52 115
51 116
51 119
52 120
52 122
54 124
55 124
56 123
61 123
62 124
63 123
65 123
65 120
66 119
65 118
65 113
64 112
64 111
65 110
64 109
64 103
63 102
63 100
62 99
62 98
61 97
61 93
60 92
60 89
59 88
59 82
58 81
58 79
57 78
57 73
56 72
56 70
57 69
56 68
56 67
55 66
56 65
55 64
55 63
54 62
54 57
53 56
53 55
52 54
52 52
53 51
52 50
52 49
51 48
51 46
50 45
50 44
48 42
48 41
47 40
47 39
46 38
46 35
45 34
45 31
47 29
52 29
54 31
54 32
55 32
56 33
59 33
60 34
61 33
62 33
63 32
64 33
67 33
68 34
70 34
71 33
75 33
76 34
78 34
79 33
92 33
93 34
94 33
98 33
99 32
100 32
101 33
104 33
105 32
106 33
108 33
109 32
110 33
114 33
114 32
115 31
115 30
114 29
115 28
115 25
114 24
115 23
114 22
114 21
111 21
110 20
60 20
59 21
57 21
55 19
55 16
53 14
50 14
49 15
48 15
47 14
11
112 32
49 35
52 51
67 121
56 124
40 51
32 46
28 21
54 17
59 22
113 22
