500
500
65
4
177 498
176 499
177 498
178 499
8
366 499
366 496
368 494
372 494
373 495
378 495
379 496
379 499
12
335 499
335 497
336 496
336 492
338 490
339 490
340 491
345 491
346 492
349 492
350 493
350 499
36
195 484
193 486
192 486
187 491
186 491
185 492
185 494
187 496
187 497
189 499
189 498
186 495
186 494
185 493
188 490
189 490
194 485
195 485
196 484
199 487
199 488
204 493
204 494
205 495
203 497
202 497
201 498
201 499
204 496
205 496
205 494
203 492
203 491
198 486
198 485
197 484
11
366 478
364 480
364 489
365 490
369 490
370 491
375 491
375 486
376 485
376 479
375 478
35
499 493
496 493
495 492
488 492
487 491
481 491
480 490
473 490
472 489
465 489
464 488
457 488
456 487
454 487
453 486
454 485
454 480
455 479
455 474
456 473
456 471
458 469
459 469
460 470
465 470
466 471
472 471
473 472
479 472
480 473
486 473
487 474
494 474
495 475
499 475
9
322 464
320 466
320 474
321 475
335 475
335 470
334 469
334 465
333 464
117
167 452
165 454
164 454
161 457
160 457
156 461
155 461
152 464
151 464
148 467
147 467
143 471
142 471
139 474
138 474
134 478
133 478
130 481
129 481
125 485
124 485
121 488
120 488
116 492
115 492
112 495
111 495
108 498
107 498
107 499
109 497
110 497
113 494
114 494
117 491
118 491
122 487
123 487
126 484
127 484
131 480
132 480
135 477
136 477
140 473
141 473
144 470
145 470
149 466
150 466
153 463
154 463
157 460
158 460
162 456
163 456
166 453
167 453
168 452
171 455
171 456
175 460
175 461
176 462
173 465
172 465
169 468
168 468
165 471
164 471
161 474
160 474
156 478
155 478
152 481
151 481
148 484
147 484
144 487
143 487
139 491
138 491
135 494
134 494
131 497
130 497
129 498
129 499
132 496
133 496
136 493
137 493
140 490
141 490
145 486
146 486
149 483
150 483
153 480
154 480
157 477
158 477
162 473
163 473
166 470
167 470
170 467
171 467
174 464
175 464
176 463
176 461
174 459
174 458
170 454
170 453
169 452
6
17 499
17 451
19 449
31 449
32 450
32 499
60
187 445
185 447
185 450
184 451
184 457
183 458
183 459
184 460
185 460
186 461
191 461
192 462
196 462
197 463
202 463
203 464
207 464
208 465
213 465
214 466
218 466
219 467
223 467
224 468
229 468
230 469
234 469
235 470
240 470
241 471
244 471
244 470
245 469
245 465
246 464
246 461
247 460
247 457
246 456
244 456
243 455
238 455
237 454
233 454
232 453
227 453
226 452
222 452
221 451
216 451
215 450
210 450
209 449
205 449
204 448
199 448
198 447
194 447
193 446
188 446
13
87 443
86 444
67 444
65 446
65 463
66 464
85 464
86 465
106 465
106 454
105 453
105 444
104 443
86
270 442
268 444
268 446
267 447
267 452
266 453
266 458
265 459
265 464
264 465
264 470
263 471
263 476
262 477
262 482
261 483
261 488
260 489
260 490
261 491
262 491
263 492
268 492
269 493
272 493
272 492
273 491
273 486
274 485
274 481
275 480
275 475
276 474
276 470
277 469
277 465
278 464
278 459
279 458
279 457
280 456
282 456
283 457
283 459
282 460
282 463
281 464
282 465
283 465
284 466
288 466
289 467
294 467
295 468
299 468
300 469
303 469
303 468
304 467
304 462
305 461
305 457
306 456
306 453
305 452
303 452
302 451
298 451
297 450
292 450
291 449
287 449
286 448
284 450
284 451
283 452
282 452
281 451
280 451
279 450
280 449
280 445
279 444
277 444
276 443
271 443
31
454 428
452 430
452 433
451 434
451 439
450 440
450 441
451 442
453 442
454 443
460 443
461 444
468 444
469 445
475 445
476 446
480 446
480 445
481 444
481 440
482 439
482 436
483 435
483 432
482 431
478 431
477 430
468 430
467 429
458 429
457 428
29
78 407
76 409
76 411
75 412
75 413
76 414
77 414
78 415
83 415
84 416
89 416
90 417
94 417
95 418
100 418
101 419
104 419
104 417
105 416
105 412
104 411
101 411
100 410
94 410
93 409
87 409
86 408
80 408
79 407
27
0 407
1 407
2 408
7 408
8 409
13 409
14 410
16 410
17 411
17 412
15 414
15 436
16 437
33 437
33 397
32 396
30 396
29 395
24 395
23 394
18 394
17 393
13 393
12 392
7 392
6 391
1 391
37
460 382
458 384
458 387
457 388
457 394
456 395
456 400
455 401
455 407
454 408
454 414
453 415
453 416
454 417
455 417
456 418
461 418
462 419
466 419
467 420
470 420
470 418
471 417
471 411
472 410
472 404
473 403
473 397
474 396
474 390
475 389
475 385
474 384
471 384
470 383
463 383
462 382
2
180 364
180 366
84
357 363
355 365
355 368
354 369
354 374
353 375
353 380
352 381
352 386
351 387
351 393
350 394
350 399
349 400
349 405
348 406
348 407
349 408
351 408
352 409
358 409
359 410
364 410
365 411
371 411
372 412
378 412
379 413
380 413
381 414
381 420
380 421
380 424
381 425
386 425
387 426
393 426
393 422
394 421
394 417
396 415
398 415
399 416
404 416
405 417
411 417
412 418
416 418
416 416
417 415
417 409
418 408
418 402
419 401
419 394
420 393
420 387
421 386
421 380
422 379
422 375
421 374
419 374
418 373
413 373
412 372
407 372
406 371
401 371
400 370
395 370
394 369
389 369
388 368
383 368
382 367
377 367
376 366
371 366
370 365
365 365
364 364
359 364
358 363
45
165 357
163 359
163 361
162 362
162 365
161 366
161 370
160 371
160 374
159 375
159 379
158 380
158 384
157 385
157 388
156 389
157 390
158 390
159 391
163 391
164 392
167 392
168 393
171 393
171 392
172 391
172 388
173 387
173 383
174 382
174 378
175 377
175 374
176 373
176 369
177 368
177 365
178 364
178 361
177 360
175 360
174 359
171 359
170 358
166 358
13
0 368
3 368
4 369
8 369
8 367
9 366
9 361
10 360
10 356
9 355
7 355
6 354
1 354
51
223 352
221 354
221 358
220 359
220 367
219 368
219 375
218 376
218 384
217 385
217 386
216 387
212 387
211 386
202 386
201 385
198 385
196 387
196 392
195 393
195 397
196 398
198 398
199 399
205 399
206 400
212 400
213 401
219 401
220 402
226 402
227 403
231 403
231 400
232 399
232 392
233 391
233 384
234 383
234 376
235 375
235 368
236 367
236 360
237 359
237 355
236 354
233 354
232 353
225 353
224 352
21
181 361
181 357
182 356
182 354
184 352
185 353
190 353
191 354
193 354
194 355
194 359
193 360
193 367
192 368
192 369
191 370
189 370
188 369
183 369
182 368
180 368
44
401 335
399 337
399 339
398 340
399 341
401 341
402 342
408 342
409 343
415 343
416 344
418 344
419 345
419 346
418 347
416 347
415 346
409 346
408 345
401 345
400 344
399 344
397 346
397 351
398 352
402 352
403 353
412 353
413 354
421 354
422 355
425 355
425 352
426 351
426 344
427 343
427 339
426 338
424 338
423 337
415 337
414 336
405 336
404 335
26
196 316
194 318
194 320
193 321
193 324
192 325
192 328
191 329
191 332
190 333
191 334
192 334
193 335
197 335
198 336
201 336
201 334
202 333
202 328
203 327
203 322
204 321
204 318
203 317
199 317
198 316
77
104 303
102 305
102 307
101 308
101 312
100 313
100 317
99 318
99 322
98 323
98 327
95 330
95 332
94 333
94 338
93 339
95 341
95 345
94 346
94 351
93 352
93 357
92 358
92 363
91 364
91 365
92 366
93 366
94 367
98 367
99 368
103 368
104 369
107 369
107 368
108 367
108 362
109 361
109 358
108 357
107 357
106 356
106 350
107 349
107 348
109 346
110 346
111 347
115 347
115 346
116 345
116 340
117 339
117 334
118 333
118 330
117 329
116 329
115 328
112 328
111 327
111 323
112 322
112 319
113 318
113 317
114 316
117 316
117 313
118 312
118 307
117 306
115 306
114 305
110 305
109 304
105 304
53
36 303
34 305
34 308
33 309
33 315
32 316
32 322
31 323
31 329
30 330
30 335
29 336
29 342
28 343
28 349
27 350
27 356
26 357
26 363
25 364
25 365
26 366
27 366
28 367
33 367
34 368
37 368
37 366
38 365
38 360
39 359
39 354
40 353
40 348
41 347
41 342
42 341
42 335
43 334
43 329
44 328
44 323
45 322
45 317
46 316
46 311
47 310
47 306
46 305
44 305
43 304
38 304
37 303
30
6 296
4 298
4 301
3 302
3 307
2 308
2 314
1 315
1 320
0 321
0 322
1 323
2 323
3 324
8 324
9 325
12 325
12 323
13 322
13 317
14 316
14 310
15 309
15 304
16 303
16 299
15 298
13 298
12 297
7 297
27
132 292
130 294
130 297
129 298
129 300
130 301
132 301
133 302
140 302
141 303
148 303
149 304
155 304
156 305
159 305
159 301
160 300
160 294
159 293
155 293
153 295
150 295
149 294
142 294
141 293
134 293
133 292
68
216 283
214 285
214 288
213 289
213 294
212 295
212 296
213 297
215 297
216 298
223 298
224 299
230 299
231 300
233 300
234 301
234 303
233 304
233 308
232 309
232 312
231 313
231 317
230 318
230 322
229 323
228 323
226 325
226 327
225 328
225 333
224 334
224 335
225 336
228 336
229 337
236 337
237 338
242 338
242 336
243 335
243 330
244 329
244 324
245 323
245 318
246 317
246 312
247 311
247 306
248 305
248 300
249 299
249 294
250 293
250 290
249 289
247 289
246 288
241 288
240 287
235 287
234 286
229 286
228 285
223 285
222 284
217 284
39
178 276
176 278
176 280
175 281
175 286
174 287
174 292
173 293
173 298
172 299
172 304
171 305
172 306
173 306
174 307
179 307
180 308
184 308
185 309
189 309
192 306
192 303
191 302
191 301
192 300
192 295
193 294
193 290
194 289
194 284
195 283
195 280
194 279
192 279
191 278
186 278
185 277
180 277
179 276
36
45 251
43 253
43 256
42 257
42 262
41 263
41 269
40 270
40 276
39 277
39 282
38 283
38 284
39 285
41 285
42 286
47 286
48 287
52 287
52 285
53 284
53 279
54 278
54 272
55 271
55 266
56 265
56 260
57 259
57 255
56 254
54 254
53 253
50 253
49 252
46 252
10
0 246
2 246
3 247
3 251
2 252
2 257
1 258
1 263
0 264
0 268
105
499 254
495 254
494 255
494 257
493 258
493 263
492 264
492 269
491 270
491 275
490 276
490 281
489 282
489 287
488 288
488 294
487 295
487 300
486 301
486 306
485 307
485 312
484 313
484 318
483 319
483 324
482 325
482 330
481 331
481 337
480 338
480 343
479 344
479 349
478 350
478 355
477 356
477 361
476 362
476 367
475 368
475 369
474 370
472 370
471 369
468 369
467 368
464 368
463 367
462 367
461 366
462 365
462 360
463 359
463 354
464 353
464 348
465 347
465 342
466 341
466 336
467 335
467 330
468 329
468 325
469 324
469 319
470 318
470 313
471 312
471 307
472 306
472 301
473 300
473 295
474 294
474 290
475 289
475 284
476 283
476 278
477 277
477 272
478 271
478 266
479 265
479 260
480 259
480 254
481 253
481 250
482 249
482 245
483 244
483 240
484 239
484 237
486 235
487 235
488 236
493 236
494 237
496 237
497 238
499 238
75
438 236
438 234
440 232
441 232
442 233
447 233
448 234
450 234
451 235
451 238
450 239
450 244
449 245
449 250
448 251
448 256
447 257
447 262
446 263
446 268
445 269
445 274
444 275
444 280
443 281
443 286
442 287
442 292
441 293
441 298
440 299
440 304
439 305
439 310
438 311
438 316
437 317
437 322
435 324
432 324
431 323
426 323
425 322
423 322
422 321
423 320
423 315
424 314
424 310
425 309
425 304
426 303
426 298
427 297
427 293
428 292
428 287
429 286
429 282
430 281
430 276
431 275
431 271
432 270
432 265
433 264
433 260
434 259
434 254
435 253
435 248
436 247
436 243
437 242
437 238
22
390 231
388 233
388 246
387 247
381 247
379 249
379 256
380 257
380 266
381 267
387 267
388 268
396 268
396 253
398 251
405 251
405 245
404 244
404 239
403 238
403 232
402 231
45
244 230
242 232
242 234
241 235
241 240
240 241
240 245
239 246
239 250
238 251
238 256
237 257
237 261
236 262
236 267
235 268
236 269
237 269
238 270
243 270
244 271
248 271
249 272
252 272
252 271
253 270
253 265
254 264
254 260
255 259
255 254
256 253
256 249
257 248
257 244
258 243
258 238
259 237
259 234
258 233
256 233
255 232
251 232
250 231
245 231
40
157 228
155 230
155 232
154 233
154 238
150 242
150 245
149 246
149 248
150 249
152 249
153 250
158 250
159 251
164 251
165 252
166 252
167 253
168 253
169 254
172 254
173 255
175 255
175 254
176 253
176 248
177 247
177 243
178 242
178 237
179 236
179 233
178 232
176 232
175 231
170 231
169 230
164 230
163 229
158 229
30
418 222
416 224
416 226
415 227
415 230
414 231
414 235
413 236
414 237
416 237
417 238
423 238
424 239
429 239
430 240
434 240
434 239
435 238
435 234
436 233
436 230
437 229
437 226
436 225
433 225
432 224
427 224
426 223
420 223
419 222
39
106 205
104 207
104 210
103 211
103 217
102 218
102 224
101 225
101 232
100 233
100 239
99 240
99 241
100 242
101 242
102 243
105 243
106 244
109 244
110 245
113 245
113 243
114 242
114 237
115 236
115 231
116 230
116 225
117 224
117 219
118 218
118 213
119 212
119 208
118 207
115 207
114 206
108 206
107 205
185
335 213
340 213
341 214
346 214
347 215
352 215
353 216
358 216
359 217
363 217
364 218
369 218
370 219
375 219
376 220
381 220
382 221
384 221
385 222
385 226
384 227
384 232
383 233
383 234
382 235
380 235
379 234
374 234
373 233
368 233
367 232
362 232
361 231
357 231
356 230
351 230
350 229
345 229
344 228
339 228
338 227
333 227
332 226
331 226
330 225
330 224
331 223
331 221
330 220
327 220
326 219
321 219
320 218
316 218
315 217
312 217
311 216
308 216
306 218
306 220
305 221
305 226
304 227
304 233
303 234
303 239
302 240
302 246
301 247
301 252
300 253
300 259
299 260
299 266
298 267
298 272
297 273
297 279
296 280
296 285
295 286
296 287
297 287
298 288
303 288
304 289
310 289
311 290
316 290
317 291
323 291
324 292
329 292
330 293
335 293
336 294
342 294
343 295
348 295
349 296
355 296
356 297
361 297
362 298
365 298
366 299
366 303
365 304
365 310
364 311
364 312
363 313
360 313
359 312
353 312
352 311
346 311
345 310
339 310
338 309
332 309
331 308
324 308
323 307
317 307
316 306
310 306
309 305
303 305
302 304
296 304
295 303
293 303
292 302
292 301
293 300
293 293
294 292
294 289
293 288
289 288
288 287
283 287
282 286
282 285
283 284
283 279
284 278
284 272
285 271
285 265
286 264
286 259
287 258
287 252
288 251
288 245
289 244
289 239
290 238
290 232
291 231
291 225
292 224
292 219
293 218
293 212
294 211
294 206
295 205
295 203
297 201
300 201
301 202
310 202
311 203
316 203
317 204
322 204
323 205
328 205
329 206
332 206
333 207
333 212
65
248 213
246 213
245 212
240 212
239 211
235 211
234 210
229 210
228 209
224 209
223 208
216 208
216 209
214 211
212 211
211 210
208 210
207 209
204 209
203 208
202 208
201 207
202 206
202 201
203 200
203 195
204 194
204 192
206 190
207 191
211 191
212 192
217 192
218 193
222 193
223 194
227 194
228 195
233 195
234 196
238 196
239 197
243 197
244 198
248 198
249 199
254 199
255 200
259 200
260 201
262 201
263 202
263 205
262 206
262 211
261 212
261 217
259 219
257 219
256 218
251 218
250 217
248 217
247 216
248 215
7
499 198
497 198
496 197
497 196
497 191
498 190
498 186
47
113 173
111 175
111 177
110 178
110 183
109 184
109 185
110 186
111 186
112 187
117 187
118 188
123 188
124 189
129 189
130 190
134 190
135 191
140 191
141 192
146 192
147 193
152 193
153 194
156 194
156 193
157 192
157 189
158 188
158 185
159 184
159 181
158 180
155 180
154 179
148 179
147 178
142 178
141 177
135 177
134 176
128 176
127 175
122 175
121 174
115 174
114 173
58
59 167
57 169
57 172
56 173
56 179
55 180
55 185
54 186
54 191
53 192
53 196
52 197
52 202
51 203
51 208
50 209
50 215
49 216
49 223
48 224
48 229
47 230
47 233
46 234
47 235
48 235
49 236
53 236
54 237
57 237
58 238
61 238
61 236
62 235
62 229
63 228
63 222
64 221
64 216
65 215
65 209
66 208
66 202
67 201
67 195
68 194
68 188
69 187
69 182
70 181
70 175
71 174
71 170
70 169
67 169
66 168
61 168
60 167
2
314 164
314 165
2
315 158
315 159
2
316 152
316 153
120
313 167
314 168
316 168
317 169
322 169
323 170
327 170
328 171
332 171
333 172
336 172
336 168
337 167
337 164
339 162
340 162
341 163
346 163
347 164
352 164
353 165
358 165
359 166
365 166
366 167
371 167
372 168
377 168
378 169
383 169
384 170
389 170
390 171
396 171
397 172
402 172
403 173
408 173
409 174
414 174
415 175
421 175
422 176
427 176
428 177
433 177
434 178
439 178
440 179
445 179
446 180
452 180
453 181
458 181
459 182
464 182
465 183
470 183
471 184
475 184
475 183
476 182
476 177
477 176
477 173
476 172
474 172
473 171
468 171
467 170
462 170
461 169
456 169
455 168
450 168
449 167
444 167
443 166
438 166
437 165
432 165
431 164
426 164
425 163
420 163
419 162
414 162
413 161
408 161
407 160
402 160
401 159
396 159
395 158
390 158
389 157
384 157
383 156
378 156
377 155
372 155
371 154
366 154
365 153
360 153
359 152
354 152
353 151
348 151
347 150
342 150
341 149
340 149
337 152
335 152
334 151
328 151
327 150
320 150
319 149
42
0 162
5 162
6 163
10 163
11 164
16 164
17 165
21 165
22 166
26 166
27 167
31 167
32 168
35 168
36 169
40 169
41 170
44 170
44 168
45 167
45 162
46 161
46 158
45 157
43 157
42 156
38 156
37 155
34 155
33 154
29 154
28 153
24 153
23 152
19 152
18 151
13 151
12 150
8 150
7 149
2 149
1 148
37
248 129
246 131
246 133
245 134
245 139
244 140
244 145
243 146
243 151
242 152
243 153
245 153
247 155
252 155
253 156
257 156
258 157
262 157
263 158
268 158
268 156
269 155
269 149
270 148
270 143
271 142
271 139
270 138
270 134
269 133
267 133
266 132
261 132
260 131
255 131
254 130
249 130
41
238 96
236 98
236 100
235 101
235 105
234 106
234 110
233 111
233 116
232 117
232 121
231 122
232 123
234 123
235 124
240 124
241 125
247 125
248 126
253 126
254 127
258 127
258 125
259 124
259 119
260 118
260 113
261 112
261 107
262 106
262 102
261 101
259 101
258 100
254 100
253 99
249 99
248 98
244 98
243 97
239 97
74
308 94
306 96
306 99
305 100
305 105
304 106
304 111
303 112
303 117
302 118
302 123
301 124
301 129
300 130
300 132
299 133
299 135
298 136
298 139
297 140
297 144
296 145
296 148
295 149
295 152
294 153
294 157
293 158
293 161
292 162
293 163
295 163
296 164
301 164
302 165
307 165
308 166
311 166
311 165
312 164
312 160
313 159
313 155
314 154
314 149
315 148
315 144
316 143
316 139
317 138
317 137
318 136
318 134
319 133
319 129
320 128
320 123
321 122
321 118
322 117
322 113
323 112
323 107
324 106
324 102
325 101
325 98
324 97
322 97
321 96
316 96
315 95
310 95
309 94
48
126 92
124 94
124 97
123 98
123 103
122 104
122 110
121 111
121 116
120 117
120 123
119 124
119 130
118 131
118 136
117 137
117 138
118 139
119 139
120 140
125 140
126 141
131 141
132 142
135 142
135 141
136 140
136 135
137 134
137 131
136 130
134 130
132 128
133 127
133 121
134 120
134 114
135 113
135 107
136 106
136 100
137 99
137 95
136 94
134 94
133 93
128 93
127 92
96
371 88
369 90
369 92
368 93
368 98
367 99
368 100
369 100
370 101
374 101
375 102
378 102
379 103
383 103
384 104
387 104
387 103
389 101
390 101
391 102
396 102
397 103
402 103
403 104
408 104
409 105
414 105
415 106
420 106
421 107
426 107
427 108
432 108
433 109
439 109
440 110
445 110
446 111
451 111
452 112
457 112
458 113
463 113
464 114
469 114
470 115
475 115
476 116
481 116
482 117
486 117
486 113
487 112
487 106
486 105
483 105
482 104
477 104
476 103
471 103
470 102
465 102
464 101
459 101
458 100
453 100
452 99
447 99
446 98
441 98
440 97
435 97
434 96
429 96
428 95
423 95
422 94
417 94
416 93
411 93
410 92
405 92
404 91
399 91
398 90
393 90
392 89
391 89
388 92
386 92
385 91
381 91
380 90
377 90
376 89
372 89
74
163 82
161 84
161 87
160 88
160 93
159 94
159 100
158 101
158 106
157 107
157 113
156 114
156 119
155 120
155 121
156 122
157 122
158 123
161 123
163 121
164 122
171 122
172 123
179 123
180 124
187 124
188 125
195 125
196 126
198 126
199 127
199 129
198 130
199 131
202 131
203 132
210 132
211 133
215 133
215 132
218 129
219 129
219 127
220 126
220 121
221 120
221 115
222 114
222 109
223 108
223 103
224 102
224 97
225 96
225 92
224 91
221 91
220 90
214 90
213 89
207 89
206 88
200 88
199 87
193 87
192 86
186 86
185 85
179 85
178 84
172 84
171 83
165 83
164 82
26
374 67
372 69
372 71
371 72
371 76
370 77
371 78
373 78
374 79
379 79
380 80
385 80
386 81
390 81
390 80
391 79
391 75
392 74
392 71
391 70
388 70
387 69
382 69
381 68
376 68
375 67
41
482 41
480 43
480 45
479 46
479 51
478 52
478 57
477 58
477 63
476 64
476 69
475 70
475 75
474 76
475 77
476 77
477 78
482 78
483 79
488 79
489 80
492 80
492 79
493 78
493 73
494 72
494 67
495 66
495 61
496 60
496 55
497 54
497 49
498 48
498 45
497 44
495 44
494 43
489 43
488 42
483 42
37
186 38
184 40
184 42
183 43
183 49
182 50
182 57
181 58
181 60
183 62
184 62
185 63
188 63
189 64
194 64
196 66
198 66
199 67
203 67
204 68
207 68
207 66
208 65
208 59
209 58
209 53
210 52
210 48
208 46
208 42
207 41
205 41
204 40
199 40
198 39
191 39
190 38
36
420 29
418 31
418 34
417 35
417 41
416 42
416 48
415 49
415 56
414 57
414 63
413 64
413 65
414 66
416 66
417 67
424 67
425 68
429 68
429 66
430 65
430 59
431 58
431 52
432 51
432 45
433 44
433 38
434 37
434 33
433 32
431 32
430 31
426 31
425 30
421 30
55
334 14
332 16
332 19
331 20
331 26
330 27
330 33
329 34
329 35
330 36
331 36
332 37
335 37
337 39
337 41
336 42
336 46
335 47
335 51
334 52
335 53
337 53
338 54
343 54
344 55
349 55
350 56
354 56
354 55
355 54
355 50
356 49
356 46
357 45
357 41
358 40
358 37
357 36
355 36
354 35
351 35
350 34
350 28
351 27
351 23
352 22
352 19
351 18
349 18
348 17
344 17
343 16
340 16
339 15
335 15
25
174 6
172 8
172 18
171 19
171 25
170 26
170 29
171 30
173 30
175 32
183 32
184 33
185 33
186 34
197 34
197 29
198 28
198 17
199 16
199 9
198 8
190 8
189 7
179 7
178 6
66
283 2
281 4
281 6
280 7
280 12
279 13
279 18
278 19
278 23
277 24
277 29
276 30
276 35
275 36
275 40
274 41
274 46
273 47
273 52
272 53
272 58
271 59
271 63
270 64
270 69
269 70
269 75
268 76
269 77
271 77
272 78
277 78
278 79
282 79
282 78
283 77
283 72
284 71
284 66
285 65
285 61
286 60
286 55
287 54
287 49
288 48
288 43
289 42
289 38
290 37
290 32
291 31
291 26
292 25
292 21
293 20
293 15
294 14
294 9
295 8
295 5
294 4
291 4
290 3
285 3
284 2
16
491 0
491 1
490 2
490 7
489 8
489 13
488 14
488 19
487 20
487 21
488 22
489 22
490 23
494 23
495 24
499 24
14
440 0
440 1
439 2
439 7
437 9
435 9
434 8
430 8
429 7
425 7
424 6
423 6
422 5
423 4
11
178 0
179 1
181 1
182 2
185 2
185 0
185 1
184 2
182 2
181 1
179 1
