500
500
62
4
42 499
42 498
41 497
41 496
4
42 499
41 496
41 496
42 499
21
396 499
397 498
401 498
402 497
411 497
412 496
415 496
416 495
419 495
420 494
424 494
425 493
430 493
431 492
432 492
435 495
435 499
435 494
434 493
433 493
432 492
6
432 492
435 495
436 500
435 496
430 493
396 499
20
73 499
73 497
76 494
77 494
78 493
79 494
82 494
83 495
88 495
89 494
91 494
93 492
95 492
96 493
97 493
98 494
99 494
101 496
101 498
100 499
4
73 499
73 492
101 492
101 499
16
347 499
347 496
346 495
346 493
345 492
345 490
348 487
352 487
353 486
355 486
358 489
358 493
359 494
359 497
360 498
360 499
4
347 502
344 488
357 485
360 499
50
220 499
220 491
219 490
219 484
218 484
217 483
214 483
213 484
212 484
211 485
210 485
209 486
206 486
205 485
204 486
197 486
195 484
195 481
194 480
194 478
193 477
193 476
192 475
192 474
195 471
197 471
198 470
202 470
203 469
208 469
209 468
213 468
214 467
218 467
219 466
223 466
224 465
229 465
231 467
231 471
232 472
232 475
233 476
233 481
234 482
234 488
235 489
235 497
236 498
236 499
11
229 467
228 466
198 471
195 476
196 483
199 485
209 484
216 483
218 482
220 499
235 498
43
128 499
128 497
127 496
127 494
125 492
125 491
124 490
124 489
123 488
123 487
122 486
122 479
121 478
121 473
120 472
120 469
121 468
121 467
124 464
126 464
127 463
130 463
132 465
132 469
133 470
133 473
134 474
134 476
135 477
135 479
136 480
136 482
137 483
137 487
138 488
138 490
139 491
139 492
141 494
139 496
139 497
138 498
138 499
4
127 502
116 466
131 462
142 498
39
89 461
88 462
86 462
85 463
75 463
74 464
71 464
70 465
61 465
60 466
59 466
57 468
57 469
56 470
59 473
59 474
61 476
72 476
73 475
74 476
75 476
76 477
81 477
82 478
84 478
85 477
91 477
92 476
94 476
95 475
97 475
98 474
98 469
97 468
97 465
96 464
96 462
95 462
94 461
4
58 482
55 466
97 460
99 476
36
294 499
294 494
293 493
293 489
292 488
292 482
291 481
291 477
290 476
290 470
289 469
289 463
288 462
288 458
287 457
287 456
290 453
295 453
296 452
300 452
301 453
301 454
302 455
302 462
303 463
303 466
304 467
304 473
305 474
305 480
306 481
306 485
307 486
307 494
308 495
308 499
4
294 501
286 454
301 451
309 499
51
31 445
30 446
29 446
28 447
27 447
26 448
25 448
24 449
24 450
23 451
23 455
22 456
22 468
23 469
23 470
24 471
24 472
26 474
26 476
27 477
27 485
28 486
28 487
30 487
31 488
34 488
35 487
36 487
38 485
38 484
39 483
39 481
40 480
40 477
39 476
39 473
40 472
40 469
39 468
39 466
38 465
38 458
37 457
38 456
38 454
37 453
37 448
36 447
36 446
35 446
34 445
4
25 489
19 447
37 444
42 487
39
499 493
493 493
492 494
489 494
488 493
488 489
487 488
487 485
486 484
486 478
485 477
485 474
484 473
484 466
483 465
483 462
482 461
482 456
481 455
481 449
480 448
480 443
483 440
486 440
487 439
492 439
493 440
493 441
494 442
494 448
495 449
495 454
496 455
496 459
497 460
497 466
498 467
498 468
499 469
4
488 495
479 440
494 438
503 492
50
452 499
452 496
451 495
451 489
450 488
450 483
449 482
449 477
448 476
448 472
447 471
447 467
446 466
446 460
445 459
445 457
444 456
444 450
443 449
443 445
444 444
444 443
447 440
448 440
449 439
450 439
451 438
453 438
456 441
456 449
457 450
457 452
458 453
458 457
459 458
459 465
460 466
460 475
461 476
461 479
462 480
462 484
463 485
463 486
464 487
464 492
463 493
463 494
464 495
464 499
4
452 501
441 440
455 437
466 499
12
338 426
336 428
336 431
337 432
337 434
338 435
340 435
340 434
341 433
341 431
339 429
339 427
4
338 436
335 427
339 426
342 434
35
145 425
144 426
136 426
135 427
131 427
130 428
126 428
125 429
122 429
121 430
121 431
120 432
120 434
121 435
121 436
122 437
122 440
123 441
123 442
124 443
124 445
125 446
135 446
136 445
143 445
144 444
150 444
151 443
151 432
150 431
150 428
149 427
149 426
148 426
147 425
4
122 448
119 428
150 424
152 444
32
377 422
376 423
372 423
371 424
364 424
363 425
359 425
358 426
357 426
356 427
355 427
354 428
354 429
353 430
353 431
350 434
350 435
351 436
351 437
353 437
357 441
357 442
358 443
365 443
368 440
381 440
382 439
382 426
381 425
381 423
380 423
379 422
4
352 445
348 427
381 421
385 439
18
499 417
492 417
491 418
489 418
488 419
477 419
475 417
475 416
474 415
474 408
477 405
481 405
482 404
488 404
489 403
493 403
494 402
498 402
4
475 421
472 406
498 401
500 417
42
16 384
15 385
10 385
8 387
8 388
9 389
9 395
10 396
10 399
11 400
11 403
12 404
12 411
13 412
13 418
14 419
14 422
15 423
15 424
16 425
22 425
23 424
29 424
30 423
31 423
31 418
30 417
30 416
29 415
29 413
28 412
28 410
27 409
27 402
26 401
26 394
25 393
25 387
24 386
24 385
23 385
22 384
4
14 427
7 385
25 382
32 423
40
137 382
135 384
135 385
134 386
134 387
133 388
131 388
130 389
123 389
121 387
120 387
119 386
114 386
112 388
112 393
113 394
113 399
114 400
114 404
115 405
115 407
116 408
116 409
117 410
124 410
125 409
127 409
128 408
131 408
132 407
134 407
135 406
139 406
140 405
143 405
145 403
145 386
144 385
144 384
142 382
4
115 412
111 387
144 381
148 406
43
74 374
73 375
71 375
70 376
68 376
67 377
66 377
64 379
64 380
63 381
60 381
59 382
53 382
52 381
46 381
44 383
44 384
43 385
43 388
44 389
44 392
45 393
45 394
52 394
53 393
60 393
61 392
66 392
67 391
70 391
71 390
77 390
78 389
82 389
83 388
84 388
84 381
83 380
83 378
82 377
82 375
81 375
80 374
4
45 396
42 381
82 372
85 388
66
209 363
208 364
205 364
204 365
201 365
199 367
199 369
200 370
200 373
201 374
201 381
202 382
202 386
203 387
203 390
204 391
204 398
205 399
205 406
206 407
206 409
207 410
207 413
208 414
208 421
209 422
209 427
210 428
210 430
211 431
211 440
212 441
212 442
218 442
219 441
222 441
223 440
225 440
225 437
224 436
224 432
223 431
223 425
222 424
222 419
221 418
221 414
220 413
220 409
219 408
219 402
218 401
218 395
217 394
217 390
216 389
216 384
215 383
215 377
214 376
214 372
213 371
213 365
212 364
211 364
210 363
4
211 443
198 365
213 362
226 441
81
424 344
423 345
419 345
418 346
413 346
412 347
411 347
409 349
409 350
410 351
410 354
411 355
411 357
412 358
412 359
413 359
414 360
417 360
419 362
419 369
418 370
416 370
415 371
412 371
411 372
410 372
410 373
409 374
409 375
408 376
408 383
409 384
409 388
410 389
410 392
411 393
411 395
412 396
412 399
413 400
413 414
414 415
414 418
415 419
415 420
416 421
416 422
417 423
417 424
424 424
425 423
429 423
429 416
428 415
428 406
427 405
427 399
426 398
426 392
425 391
425 387
424 386
424 382
423 381
423 374
425 372
426 372
427 371
428 371
431 368
432 368
433 367
433 363
432 362
432 359
431 358
431 352
430 351
430 345
429 345
428 344
19
428 346
433 369
421 374
422 382
426 404
428 422
417 423
415 413
413 399
410 387
408 377
410 374
420 372
419 364
418 361
414 359
411 349
414 348
426 345
42
101 334
100 335
97 335
96 336
95 336
95 339
96 340
96 343
97 344
97 346
98 347
98 350
99 351
99 353
100 354
100 363
101 364
101 367
102 368
102 370
101 371
101 373
102 374
102 375
111 375
112 374
116 374
116 367
115 366
115 362
114 361
114 356
113 355
113 351
112 350
112 347
111 346
111 340
110 339
110 335
109 335
108 334
4
102 377
94 335
110 332
117 374
47
0 334
2 334
3 333
10 333
11 332
12 332
13 333
14 333
15 334
15 338
16 339
16 353
17 354
17 355
18 356
18 357
20 359
20 360
21 361
21 362
22 363
22 364
23 365
23 370
21 372
18 372
17 373
12 373
11 374
8 374
6 372
6 370
5 369
5 364
4 363
5 362
5 360
4 359
4 358
3 357
3 352
2 351
2 349
1 348
1 342
0 341
0 340
4
6 375
-2 334
16 330
24 372
84
383 326
382 327
378 327
377 328
372 328
371 329
367 329
366 330
360 330
359 331
355 331
354 332
349 332
348 333
344 333
343 334
337 334
336 335
332 335
331 336
325 336
324 337
321 337
320 338
315 338
314 339
313 339
312 340
312 346
313 347
313 353
314 354
314 358
315 359
315 364
316 365
316 370
317 371
317 375
318 376
318 381
319 382
319 384
320 385
320 389
321 390
324 390
325 389
335 389
337 387
339 387
340 386
342 386
343 385
345 385
346 384
349 384
350 383
356 383
357 382
364 382
366 380
371 380
372 379
377 379
378 378
384 378
385 377
392 377
392 365
391 364
391 361
390 360
390 355
389 354
389 346
388 345
388 337
387 336
387 334
386 333
386 328
385 327
384 327
4
320 392
310 338
386 325
395 379
37
46 326
45 327
43 327
42 328
41 328
41 329
40 330
40 333
41 334
41 340
42 341
42 349
43 350
43 354
44 355
44 362
45 363
45 364
49 364
50 365
54 365
55 364
56 365
59 365
60 364
60 355
59 354
59 349
58 348
58 345
57 344
57 342
56 341
56 336
55 335
55 328
53 326
4
45 367
39 327
55 325
61 365
55
465 322
464 323
462 323
460 325
460 328
461 329
461 339
462 340
462 343
463 344
463 352
464 353
464 354
465 355
465 361
466 362
466 368
467 369
467 375
468 376
468 379
469 380
469 384
470 385
470 386
472 386
473 387
476 387
477 386
481 386
482 385
484 385
484 381
483 380
483 377
482 376
482 369
481 368
481 364
480 363
480 360
479 359
479 350
478 349
478 346
477 345
477 339
476 338
476 331
475 330
475 325
474 324
474 323
473 323
472 322
4
469 388
458 323
474 321
485 386
46
43 291
42 292
38 292
37 293
31 293
30 294
26 294
25 295
19 295
18 296
14 296
13 297
12 297
11 298
11 299
10 300
10 303
11 304
11 308
12 309
12 310
13 311
15 311
16 310
19 310
20 309
21 309
23 307
24 307
25 306
26 307
28 307
30 309
38 309
39 308
43 308
45 306
45 303
44 302
44 301
45 300
45 298
46 297
46 292
45 292
44 291
4
12 313
9 297
46 291
49 307
62
94 282
93 283
90 283
89 284
84 284
83 285
77 285
76 286
72 286
71 287
65 287
64 288
60 288
58 290
58 299
59 300
59 302
60 303
60 304
61 305
61 306
69 306
70 305
73 305
74 304
76 304
77 303
79 303
80 302
84 302
85 301
86 301
88 303
88 312
87 313
87 314
88 315
88 321
89 322
89 324
90 325
90 326
94 326
95 325
100 325
101 324
106 324
107 323
107 320
106 319
106 315
105 314
105 309
104 308
104 300
103 299
103 292
102 291
102 289
101 288
101 283
100 282
13
98 283
100 292
104 308
106 323
89 325
87 312
86 301
85 302
69 304
61 305
60 300
58 291
62 289
198
184 313
184 309
183 308
183 306
182 305
182 302
181 301
181 291
180 290
180 288
179 288
178 287
174 287
173 288
172 288
171 289
170 289
169 290
153 290
152 289
151 289
150 288
145 288
144 289
142 289
141 290
139 290
138 291
137 291
136 292
135 292
135 293
134 294
134 299
135 300
135 302
136 303
136 306
137 307
137 314
136 315
128 315
127 316
126 316
124 314
124 313
123 312
123 310
122 309
122 308
121 307
121 306
120 305
120 300
119 299
119 288
121 286
123 286
124 285
128 285
128 278
130 276
135 276
136 275
139 275
140 274
147 274
148 273
150 273
152 275
152 276
163 276
164 275
168 275
169 274
172 274
173 273
176 273
177 272
184 272
185 273
188 273
191 276
191 277
194 280
194 284
195 285
195 294
196 295
196 302
197 303
197 306
198 307
198 308
199 309
201 309
203 311
203 314
204 315
204 318
205 319
205 324
206 325
206 329
207 330
207 331
205 333
202 333
200 335
200 343
199 344
196 344
195 345
194 345
192 347
187 347
186 348
170 348
168 346
168 345
167 344
167 337
169 335
171 335
172 334
174 334
175 333
181 333
182 332
188 332
189 331
190 331
190 322
189 321
189 317
188 316
188 314
187 313
186 313
188 315
188 316
189 317
189 321
190 322
190 330
188 332
182 332
181 333
175 333
174 334
172 334
171 335
169 335
167 337
167 344
168 345
168 346
169 347
169 348
186 348
187 347
193 347
196 344
200 344
200 335
202 333
206 333
207 332
207 330
206 329
206 325
205 324
205 319
204 318
204 315
203 314
203 310
202 310
201 309
199 309
198 308
198 307
197 306
197 303
196 302
196 295
195 294
195 285
194 284
194 280
193 279
193 278
190 275
190 274
189 274
188 273
185 273
184 272
61
195 343
192 346
184 347
169 347
165 343
165 335
167 333
174 332
185 330
189 330
188 320
187 313
188 320
190 331
167 334
166 335
166 344
170 348
192 347
198 341
198 335
205 329
202 311
197 307
197 304
194 279
187 273
175 274
161 276
150 278
150 274
131 277
128 280
129 286
121 287
121 287
120 305
127 314
139 314
139 307
134 299
136 291
145 287
150 288
153 289
167 289
172 287
180 287
181 299
182 314
183 274
189 274
194 279
197 306
198 307
202 310
205 329
205 332
200 333
200 333
198 345
49
361 278
360 279
361 280
361 281
363 283
362 284
360 284
359 285
354 285
353 286
351 286
350 287
349 287
349 292
350 293
350 297
351 298
351 303
352 304
352 306
353 307
353 308
354 309
357 309
358 308
361 308
362 307
367 307
368 306
374 306
375 305
379 305
380 304
384 304
384 303
388 299
394 299
395 298
395 292
394 291
394 286
393 285
393 281
392 280
392 272
391 271
391 270
390 270
389 269
10
364 283
360 281
389 270
390 272
394 297
386 298
383 303
354 308
353 303
350 288
54
291 405
292 404
293 404
294 403
295 404
303 404
305 402
319 402
320 403
322 403
325 406
325 408
326 409
326 418
325 419
323 419
322 420
310 420
309 421
308 421
308 422
307 423
307 424
306 425
306 430
307 431
307 433
306 434
306 439
304 441
303 441
302 442
299 442
298 443
294 443
293 444
291 444
289 442
289 441
288 440
288 439
286 437
287 436
287 430
284 427
284 426
285 425
285 419
283 417
283 414
284 413
284 409
286 407
287 407
16
295 403
285 410
284 419
284 420
284 427
286 428
286 436
292 442
301 442
304 438
304 426
308 420
323 419
327 418
325 411
323 405
2
0 257
0 261
4
0 257
0 257
0 261
0 261
93
407 226
406 227
402 227
401 228
396 228
395 229
391 229
390 230
385 230
384 231
379 231
378 232
373 232
372 233
365 233
364 234
357 234
356 235
352 235
351 236
345 236
344 237
339 237
338 238
333 238
332 239
328 239
327 240
322 240
321 241
316 241
315 242
309 242
308 243
307 243
306 244
306 245
305 246
306 247
306 254
307 255
307 259
308 260
308 264
309 265
309 267
310 268
310 269
317 269
318 268
323 268
324 267
327 267
328 266
333 266
334 265
340 265
341 264
345 264
346 263
350 263
351 262
354 262
355 261
363 261
364 260
368 260
369 259
374 259
375 258
379 258
380 257
386 257
387 256
393 256
394 255
397 255
398 254
401 254
402 253
408 253
409 252
412 252
413 251
413 242
412 241
412 234
411 233
411 231
410 230
410 227
409 227
408 226
4
309 270
304 243
411 225
415 253
86
449 209
448 210
445 210
443 212
443 214
444 215
444 218
445 219
445 225
446 226
446 231
447 232
447 237
448 238
448 241
449 242
449 246
450 247
450 252
451 253
451 254
452 255
452 256
454 256
455 255
457 255
460 258
460 260
461 261
461 265
462 266
462 273
463 274
463 279
464 280
464 285
465 286
465 293
466 294
466 298
467 299
467 303
468 304
468 306
469 307
469 308
480 308
481 307
483 307
483 303
482 302
482 297
481 296
481 292
480 291
480 287
479 286
479 281
478 280
478 275
477 274
477 269
476 268
476 263
475 262
475 255
474 254
474 250
473 250
472 249
466 249
465 248
465 247
464 246
464 244
463 243
463 235
462 234
462 230
461 229
461 226
460 225
460 219
459 218
459 210
458 209
14
458 212
459 219
463 246
464 252
471 250
482 306
469 308
461 258
457 255
452 256
452 252
445 219
444 216
446 212
49
22 211
20 211
18 213
18 221
19 222
19 226
20 227
20 228
21 229
21 230
25 230
26 229
28 231
28 237
29 238
29 243
30 244
30 245
31 246
38 246
39 247
40 247
41 248
53 248
54 247
58 247
59 246
60 246
61 245
62 245
62 244
64 242
66 242
67 241
68 241
68 233
67 232
68 231
68 227
67 226
67 225
66 224
66 222
65 221
65 216
64 215
64 204
63 204
62 203
18
21 212
61 204
62 205
65 221
66 225
67 240
64 240
60 245
57 246
42 247
38 244
32 245
31 240
29 229
27 228
21 229
20 226
19 214
21
499 246
498 245
498 243
497 242
497 239
496 238
496 230
495 229
495 226
494 225
494 219
493 218
493 212
492 211
492 208
491 207
491 204
493 202
496 202
497 201
499 201
4
491 246
491 201
499 201
499 246
73
254 198
253 199
248 199
247 200
246 200
244 202
244 208
245 209
245 213
246 214
246 215
247 216
247 218
248 219
248 220
249 221
249 223
250 224
250 225
251 226
251 228
252 229
252 233
253 234
253 235
256 238
258 238
259 237
261 237
262 238
269 238
270 237
273 237
274 236
276 236
277 235
280 235
281 234
284 234
285 233
292 233
292 226
291 225
291 224
292 223
292 220
291 220
290 219
289 219
288 218
286 218
285 219
280 219
279 220
274 220
273 221
270 221
269 222
262 222
260 220
261 219
261 217
260 216
260 215
261 214
261 212
259 210
259 209
258 208
258 204
257 203
257 200
255 198
18
250 199
255 199
258 202
258 209
262 212
262 221
265 222
267 222
285 218
290 221
292 231
283 233
269 236
258 237
253 233
251 225
247 214
244 202
37
329 196
328 197
324 197
323 198
313 198
312 199
305 199
304 200
300 200
299 201
298 201
297 202
294 202
293 203
292 203
290 205
290 208
292 210
304 210
305 209
306 209
308 207
320 207
321 206
329 206
330 205
331 206
333 206
336 203
337 203
337 199
336 199
335 198
333 198
332 197
331 197
330 196
4
291 212
289 201
336 195
338 205
40
381 187
380 188
374 188
373 189
368 189
367 190
362 190
361 191
358 191
357 192
354 192
353 193
351 193
350 194
349 194
349 195
348 196
348 198
349 199
349 200
351 200
352 201
361 201
362 200
363 201
365 201
366 200
370 200
371 199
372 199
373 198
381 198
382 197
384 197
385 196
386 196
388 194
388 191
385 188
382 188
4
349 204
347 192
387 186
389 197
1
9 155
4
9 155
9 155
9 155
9 155
7
11 154
11 158
10 159
9 158
9 157
9 159
11 159
4
9 159
9 154
11 154
11 159
4
10 152
9 153
10 152
11 152
4
9 153
9 153
11 152
11 152
12
0 136
1 137
1 139
2 140
2 147
0 149
1 149
1 148
2 147
2 140
1 139
1 137
4
0 149
0 136
2 136
2 149
57
78 120
77 121
76 121
74 123
74 126
73 127
73 128
71 130
71 133
72 134
72 140
73 141
73 145
74 146
74 149
75 150
75 156
76 157
76 160
77 161
77 163
78 164
78 166
79 167
79 168
80 169
80 174
81 175
81 177
82 178
82 179
83 180
88 180
89 179
93 179
93 175
92 174
92 172
91 171
91 162
90 161
90 156
89 155
89 152
88 151
88 139
87 138
87 134
86 133
86 130
85 129
85 127
84 126
84 123
83 122
83 121
82 120
4
80 182
69 122
84 119
95 179
172
166 110
165 111
159 111
158 112
157 112
157 113
156 114
156 120
157 121
157 123
158 124
158 128
159 129
159 133
160 134
160 139
161 140
161 145
162 146
162 151
163 152
163 157
164 158
164 165
165 166
165 172
166 173
166 178
165 179
155 179
154 180
149 180
148 181
145 181
143 183
143 188
144 189
144 191
145 192
145 193
151 193
152 194
154 194
155 193
158 193
159 192
162 192
163 191
165 191
166 190
167 190
170 193
170 198
171 199
171 203
172 204
172 210
173 211
173 219
172 220
170 220
169 221
163 221
162 222
157 222
156 223
149 223
148 224
144 224
143 225
139 225
138 224
137 224
136 223
134 223
133 224
129 224
128 225
122 225
121 226
116 226
115 227
109 227
108 228
103 228
102 229
99 229
98 230
89 230
88 231
87 231
85 233
85 239
86 240
86 243
87 244
87 245
88 246
92 246
93 245
96 245
97 244
104 244
105 243
110 243
111 242
113 242
114 241
122 241
123 240
124 240
125 239
126 240
128 240
129 239
131 239
132 238
136 238
137 237
152 237
153 236
156 236
157 235
161 235
162 234
170 234
171 233
173 233
174 232
176 232
177 231
178 231
179 230
180 230
181 229
184 229
185 228
186 228
186 222
185 221
185 207
184 206
184 202
183 201
183 192
182 191
182 190
181 189
181 188
179 186
179 182
178 181
178 161
177 160
177 155
176 154
176 150
175 149
175 147
174 146
174 141
173 140
173 133
172 132
172 126
171 125
171 118
170 117
170 115
169 114
169 112
167 110
42
169 118
173 142
176 164
176 183
178 186
183 191
186 228
168 233
161 234
152 235
137 237
128 238
126 237
124 240
115 241
111 242
88 245
87 237
86 233
89 230
98 229
103 228
128 223
135 221
143 225
151 223
169 220
172 217
168 193
166 191
152 194
145 196
144 189
143 183
146 182
165 179
162 159
157 124
155 122
154 116
158 112
166 111
20
27 131
26 131
25 130
25 129
26 128
27 129
27 128
29 126
29 119
30 118
30 112
28 110
28 108
27 107
27 102
26 101
26 97
25 96
24 96
23 95
4
25 131
23 95
29 95
31 131
42
90 93
89 94
83 94
82 95
80 95
79 96
72 96
71 97
65 97
64 98
62 98
61 99
55 99
54 100
53 100
51 102
51 104
52 105
52 106
53 107
68 107
69 106
75 106
76 105
78 105
79 104
81 104
82 103
84 103
85 102
86 102
87 101
88 101
89 100
92 100
93 99
98 99
99 98
99 95
98 94
97 94
96 93
4
52 110
50 99
98 91
100 102
53
92 71
90 73
87 73
86 74
81 74
80 75
74 75
73 76
68 76
67 77
64 77
63 78
58 78
57 79
53 79
52 80
51 80
50 81
50 82
49 83
49 87
50 88
50 90
51 91
51 96
52 97
55 97
57 95
58 95
61 92
62 92
63 91
66 91
67 90
71 90
72 89
81 89
82 88
87 88
89 90
90 90
91 91
95 91
96 90
96 83
95 82
95 78
96 77
96 75
95 74
95 73
94 72
94 71
13
95 76
94 91
89 91
87 88
72 89
63 90
58 97
53 94
51 83
51 80
69 77
84 74
93 72
9
499 96
498 95
498 85
497 84
497 82
496 81
496 80
495 79
495 72
4
498 96
494 72
496 72
500 96
157
386 65
385 66
379 66
378 67
372 67
371 68
366 68
365 69
360 69
359 70
355 70
354 71
348 71
347 72
341 72
340 73
335 73
334 74
329 74
328 75
323 75
322 76
316 76
315 77
311 77
310 78
305 78
304 79
299 79
298 80
292 80
291 81
286 81
285 82
279 82
278 83
270 83
269 84
266 84
265 85
263 85
262 86
261 86
261 87
260 88
260 93
258 95
252 95
251 96
246 96
245 97
240 97
239 98
234 98
233 99
232 99
231 100
230 100
230 101
229 102
230 103
230 104
231 105
231 106
232 107
232 109
233 110
233 111
235 113
235 114
237 116
237 117
238 118
238 119
239 120
239 121
240 122
240 124
241 125
241 126
242 127
243 127
244 128
246 128
247 129
251 129
252 128
252 118
251 117
252 116
252 115
254 113
261 113
262 112
270 112
271 111
274 111
278 115
285 115
286 114
294 114
295 113
298 113
299 112
308 112
309 111
314 111
315 110
325 110
326 109
327 109
328 108
329 108
330 109
333 109
335 107
341 107
342 106
348 106
349 105
351 105
352 104
358 104
359 103
362 103
363 104
369 104
370 105
372 105
373 104
378 104
379 103
381 103
382 102
384 104
384 107
385 108
385 109
386 110
392 110
393 109
395 109
395 97
394 96
394 90
393 89
393 84
392 83
392 82
391 81
391 77
390 76
390 71
389 70
389 66
388 66
387 65
30
385 108
380 100
373 105
357 103
347 105
334 106
330 107
327 107
322 108
300 111
286 113
279 114
274 111
255 113
252 117
254 127
248 129
241 126
229 102
234 97
258 94
262 94
261 86
270 85
300 81
386 66
389 68
390 82
391 84
395 107
6
79 62
79 61
78 60
77 60
76 59
76 58
4
79 62
76 58
76 58
80 62
45
81 62
82 61
84 61
90 55
93 58
93 61
94 62
94 67
93 68
92 68
91 67
83 67
82 68
81 68
80 69
78 69
77 70
74 70
73 71
71 71
70 72
59 72
58 73
57 73
56 74
53 74
52 75
50 75
48 73
48 72
47 71
47 70
51 66
52 66
54 64
58 64
59 63
66 63
67 62
68 62
69 61
70 61
71 60
74 60
75 61
4
49 79
46 66
92 54
95 67
25
229 51
228 52
227 52
226 53
224 53
224 56
223 57
223 64
224 65
224 67
225 68
225 69
229 73
240 73
241 72
242 72
242 65
241 64
241 61
240 60
240 55
239 54
239 52
238 52
237 51
4
223 73
223 51
242 51
242 73
4
485 34
485 36
487 36
487 34
4
487 36
485 36
485 34
487 34
26
0 28
2 28
3 27
9 27
11 29
11 30
12 31
12 33
13 34
13 50
14 51
14 55
15 56
15 58
16 59
16 60
17 61
17 62
18 63
18 68
16 70
13 70
12 71
6 71
5 72
0 72
4
0 72
0 27
18 27
18 72
36
38 20
37 21
33 21
32 22
29 22
28 23
27 23
27 24
26 25
26 29
27 30
27 36
28 37
28 42
29 43
29 47
30 48
30 54
31 55
31 56
32 57
32 58
35 58
36 57
37 57
38 56
44 56
44 43
43 42
43 39
42 38
42 35
41 34
41 29
40 28
40 22
4
31 59
25 22
40 20
46 56
191
441 18
440 19
434 19
433 20
426 20
425 21
421 21
420 22
415 22
414 23
413 23
412 24
411 24
411 25
410 26
410 29
411 30
411 33
412 34
412 37
413 38
413 43
414 44
414 51
415 52
415 57
416 58
416 62
417 63
417 67
418 68
418 71
419 72
419 75
420 76
420 88
421 89
421 91
422 92
422 93
428 93
431 96
431 100
432 101
432 105
433 106
433 110
434 111
434 112
435 113
435 125
436 126
436 134
437 135
437 137
438 138
438 141
439 142
439 148
440 149
440 157
441 158
441 161
442 162
442 169
443 170
443 172
444 173
444 178
445 179
445 182
446 183
446 187
447 188
447 191
448 192
448 193
452 193
453 192
458 192
459 191
459 186
458 185
458 183
457 182
457 177
456 176
456 169
455 168
455 165
454 164
454 160
453 159
453 154
452 153
452 151
455 148
456 149
458 149
460 151
460 152
461 153
461 154
462 155
462 156
465 156
466 155
467 155
469 153
477 153
478 152
480 152
481 151
482 151
483 150
483 145
482 144
482 140
481 139
481 135
480 134
480 133
479 132
471 132
470 131
467 131
467 132
465 134
462 134
461 135
460 135
458 137
458 139
459 140
459 143
458 144
453 144
451 142
451 140
450 139
450 137
449 136
449 130
448 129
448 126
447 125
447 119
446 118
446 111
445 110
445 103
444 102
444 99
443 98
443 96
442 96
441 95
440 95
439 94
439 92
440 91
440 88
439 87
439 83
438 82
438 79
437 78
437 74
436 73
436 67
435 66
435 60
434 59
434 52
433 51
433 47
431 45
431 41
430 40
430 39
433 36
436 39
444 39
445 38
451 38
451 34
449 32
449 22
448 21
448 19
447 18
52
447 20
449 34
449 34
450 40
436 41
432 39
430 42
431 46
432 47
437 74
440 89
439 94
441 96
443 104
450 134
451 142
457 143
457 136
461 133
464 133
467 131
477 131
481 135
481 143
482 150
475 151
467 153
463 154
462 154
456 149
455 146
452 151
460 189
450 192
448 190
443 171
442 168
439 142
438 133
437 112
433 108
433 97
430 94
424 94
420 89
420 76
417 56
415 39
412 29
411 25
417 23
440 19
16
460 0
460 7
461 8
461 9
462 10
464 10
465 9
470 9
471 8
472 8
473 7
475 7
476 6
476 4
475 3
475 0
4
476 10
460 10
460 0
476 0
20
431 0
432 1
432 7
433 8
433 12
432 13
431 13
430 14
426 14
425 13
425 12
424 12
423 11
419 11
416 8
416 6
415 5
415 3
414 2
414 1
4
415 15
414 1
433 0
433 14
267
313 0
311 2
311 5
312 6
312 9
310 11
306 11
305 12
300 12
299 13
294 13
293 14
284 14
283 13
283 11
282 10
282 7
281 6
275 6
274 7
273 7
273 8
272 9
272 10
271 11
266 11
265 12
263 12
261 14
261 15
262 16
262 21
263 22
263 24
264 25
264 28
265 29
265 30
266 31
276 31
277 30
280 30
281 29
289 29
290 28
298 28
299 27
303 27
304 26
306 26
307 25
312 25
313 24
318 24
319 23
327 23
328 22
332 22
333 21
336 21
336 20
338 18
339 18
340 17
342 17
343 16
345 16
346 17
348 17
349 18
350 18
353 21
353 22
354 23
354 25
352 27
349 27
348 28
344 28
343 29
342 29
341 30
340 30
340 31
339 32
339 37
340 38
340 39
341 40
345 40
346 39
351 39
352 40
356 40
357 41
358 41
360 43
360 48
359 49
359 52
360 53
360 54
361 55
372 55
372 49
374 47
374 45
373 44
373 41
372 40
372 34
370 32
370 24
369 23
369 21
367 19
367 11
368 10
368 6
367 5
358 5
357 6
348 6
347 7
334 7
333 6
333 4
332 3
332 2
331 2
330 1
329 2
322 2
320 0
320 1
321 2
329 2
330 1
333 4
333 6
334 7
347 7
348 6
357 6
358 5
367 5
368 6
368 10
367 11
367 19
368 20
368 21
369 22
369 23
370 24
370 32
371 33
371 34
372 35
372 41
373 42
373 44
374 45
374 47
372 49
372 54
371 55
361 55
360 54
360 53
359 52
359 49
360 48
360 42
359 42
358 41
357 41
356 40
352 40
351 39
346 39
345 40
342 40
339 37
339 32
342 29
343 29
344 28
348 28
349 27
352 27
353 26
354 26
354 23
353 22
353 20
352 19
351 19
350 18
349 18
348 17
346 17
345 16
343 16
342 17
340 17
339 18
338 18
335 21
333 21
332 22
328 22
327 23
319 23
318 24
313 24
312 25
307 25
306 26
304 26
303 27
299 27
298 28
290 28
289 29
281 29
280 30
277 30
276 31
266 31
265 30
265 29
264 28
264 25
263 24
263 22
262 21
262 16
261 15
261 14
263 12
265 12
266 11
271 11
272 10
272 9
275 6
280 6
282 8
282 10
283 11
283 13
284 14
293 14
294 13
299 13
300 12
305 12
306 11
310 11
311 10
312 10
312 6
311 5
311 2
313 0
315 0
81
266 28
266 31
298 28
308 26
330 21
342 17
348 19
351 21
352 26
341 29
338 31
337 37
340 38
349 38
360 40
358 53
371 54
372 43
371 41
371 35
369 32
369 26
366 21
367 8
356 7
346 7
334 7
329 1
320 1
329 2
331 2
334 7
365 7
365 20
369 26
369 32
371 35
371 40
374 44
371 47
370 54
361 53
359 50
360 41
354 40
338 39
338 31
350 29
352 25
352 22
348 19
344 17
337 18
334 23
326 24
319 25
299 28
281 30
277 31
267 32
266 29
263 15
264 13
273 11
276 7
281 6
284 16
295 14
310 13
313 10
312 3
316 0
312 4
314 11
293 14
285 16
282 6
276 7
273 11
268 13
261 15
81
151 0
151 4
152 5
152 8
151 9
151 14
152 15
152 25
153 26
153 28
154 29
154 30
155 31
155 33
156 34
156 38
157 39
157 43
158 44
158 50
159 51
159 55
160 56
160 61
161 62
161 64
162 65
162 70
163 71
163 75
162 76
162 78
163 79
163 81
162 82
160 82
159 83
152 83
151 82
151 81
150 80
150 78
149 77
149 73
148 72
148 68
147 67
147 61
146 60
146 55
145 54
145 49
144 48
144 44
143 43
143 37
142 36
142 35
133 35
132 36
129 36
128 37
114 37
111 34
111 32
115 28
117 28
117 27
119 25
120 25
121 24
128 24
129 23
131 23
132 22
139 22
139 13
138 12
138 7
137 6
137 1
16
139 23
122 24
113 34
111 36
116 39
144 35
150 78
151 82
157 81
163 80
161 69
159 60
154 35
152 25
150 1
138 2
21
100 0
96 0
95 1
94 1
93 2
87 2
86 3
85 3
84 4
77 4
76 5
74 5
73 6
60 6
59 7
55 7
54 8
52 8
50 6
50 5
48 3
4
48 8
48 3
100 0
100 5
16
0 15
2 15
3 14
9 14
10 13
14 13
15 12
20 12
21 11
28 11
29 10
32 10
33 9
34 9
35 8
36 8
4
0 16
0 15
36 8
36 9
