500
500
103
14
144 499
144 498
147 495
150 495
151 494
156 494
157 493
161 493
162 494
162 495
163 496
163 497
164 498
164 499
4
144 499
144 493
164 493
164 499
11
0 486
1 486
3 488
3 493
0 496
1 495
2 495
2 494
3 493
3 488
1 486
4
3 496
0 496
0 486
3 486
33
82 476
81 477
80 477
80 478
79 479
79 480
80 481
80 487
81 488
81 491
82 492
92 492
93 491
103 491
104 490
106 490
107 489
108 489
108 484
107 483
107 481
106 480
106 479
105 479
104 478
103 479
99 479
98 480
87 480
85 478
85 477
84 477
83 476
4
79 492
79 476
108 476
108 492
33
58 465
57 466
54 466
53 467
48 467
47 468
46 468
46 469
45 470
45 481
46 482
46 491
47 492
47 494
48 495
48 496
52 496
53 497
61 497
62 496
62 495
63 494
63 486
64 485
64 481
63 480
63 474
62 473
62 471
61 470
61 466
60 466
59 465
4
47 498
44 466
62 465
66 497
38
8 499
9 498
9 496
10 495
10 493
11 492
11 490
12 489
12 488
13 487
13 485
14 484
14 483
15 482
15 481
17 479
17 478
18 477
18 476
19 475
19 474
20 473
20 470
25 465
27 465
29 467
29 470
30 471
30 481
29 482
28 482
27 483
25 483
25 487
26 488
26 494
29 497
29 499
10
29 497
24 492
24 484
29 481
29 471
25 466
25 466
20 475
15 484
9 498
40
201 485
201 484
198 481
197 481
196 480
195 481
194 481
192 483
189 483
187 485
188 486
191 486
192 485
193 485
194 486
196 486
197 487
199 487
200 488
207 488
208 487
209 487
210 486
214 486
214 477
215 476
215 471
214 470
214 468
212 466
212 465
211 464
211 463
210 462
209 462
207 460
206 460
205 459
202 459
201 458
10
187 483
193 484
199 479
202 483
202 459
214 471
215 485
199 487
195 484
189 485
22
101 458
100 459
99 459
98 460
96 460
95 461
93 461
92 460
91 461
90 461
88 463
89 464
89 465
90 466
90 467
93 467
96 470
99 470
100 469
103 469
103 459
102 459
4
90 472
88 461
103 458
105 469
37
474 499
474 495
473 494
473 491
472 490
472 483
471 482
471 477
470 476
470 474
469 473
469 469
468 468
468 460
467 459
467 455
469 453
470 453
471 452
477 452
479 454
479 459
482 462
482 464
483 465
483 467
482 468
483 469
483 471
484 472
484 476
485 477
485 486
486 487
486 492
487 493
487 499
4
474 501
465 453
481 450
489 499
36
0 429
8 429
11 432
11 435
12 436
12 441
11 442
10 442
8 444
8 457
7 458
7 460
6 461
6 464
5 465
5 469
0 474
1 474
1 473
3 471
4 471
5 470
5 465
6 464
6 461
7 460
7 458
8 457
8 445
12 441
12 436
11 435
11 431
10 430
9 430
8 429
11
11 432
10 446
9 457
8 469
7 467
8 445
13 440
12 433
9 429
2 429
8 429
63
403 426
402 427
398 427
397 428
394 428
393 429
389 429
388 430
382 430
381 431
380 431
378 433
378 437
379 438
379 445
380 446
380 448
381 449
381 454
382 455
382 461
383 462
383 468
384 469
384 473
385 474
385 477
386 478
386 485
387 486
387 487
388 488
395 488
396 487
401 487
402 486
407 486
408 485
411 485
412 484
417 484
417 476
418 475
418 467
417 466
417 465
416 464
416 461
415 460
415 457
414 456
414 442
413 441
413 438
410 435
410 434
409 433
409 430
408 429
408 428
407 427
406 427
405 426
4
387 490
376 431
411 425
421 484
21
333 427
333 429
332 430
332 434
331 435
331 439
330 440
331 441
331 442
333 444
337 444
338 445
340 445
341 444
341 436
340 435
340 432
339 431
339 429
337 427
336 427
4
330 445
330 427
341 427
341 445
4
334 424
334 421
336 419
336 416
4
334 424
333 424
336 416
337 416
2
221 412
221 413
4
221 412
221 412
221 413
221 413
6
219 413
219 412
218 411
218 410
219 409
220 410
4
219 413
217 412
218 409
220 409
36
470 406
469 407
464 407
463 408
461 408
459 410
459 416
460 417
460 424
461 425
461 429
462 430
462 434
463 435
463 440
464 441
464 442
465 443
470 443
471 442
479 442
480 441
482 441
482 437
481 436
481 432
480 431
480 429
479 428
479 423
478 422
478 415
477 414
477 407
476 407
475 406
4
463 445
457 408
477 405
483 441
15
0 421
1 421
2 420
5 420
6 419
9 419
10 418
13 418
13 411
12 410
12 403
11 402
10 402
9 403
1 403
4
0 421
0 402
13 402
13 421
47
42 396
41 397
35 397
33 399
33 404
34 405
34 411
35 412
35 417
36 418
36 424
37 425
37 429
38 430
38 436
39 437
39 445
40 446
40 454
41 455
41 456
50 456
51 455
53 455
54 454
55 454
55 451
54 450
54 447
53 446
53 440
52 439
52 433
51 432
51 425
50 424
50 419
49 418
49 414
48 413
48 408
47 407
47 401
46 400
46 397
45 397
44 396
4
40 457
32 397
47 395
56 455
74
85 388
84 389
83 389
82 390
80 390
79 391
71 391
70 390
68 390
67 391
66 391
64 393
63 393
62 394
61 394
61 395
60 396
60 397
59 398
59 400
60 401
60 407
61 408
61 409
63 409
64 408
73 408
74 407
77 407
79 409
79 412
80 413
80 417
81 418
81 421
82 422
82 428
83 429
83 436
84 437
84 440
85 441
85 444
86 445
86 446
92 446
93 445
94 446
96 446
97 445
100 445
100 444
101 443
101 440
100 439
100 432
99 431
99 424
98 423
98 419
97 418
97 413
96 412
96 410
95 409
95 407
94 406
94 404
93 403
93 402
90 399
90 389
89 389
88 388
11
70 391
84 389
90 389
93 406
101 440
86 444
81 420
78 407
63 410
60 399
62 396
105
129 386
128 387
127 387
124 390
123 390
123 391
122 392
122 394
120 396
120 397
119 398
119 400
120 401
120 402
121 403
121 404
122 405
122 410
123 411
123 412
124 413
124 414
125 415
125 416
126 417
126 422
127 423
127 424
128 425
128 430
129 431
129 434
130 435
130 439
131 440
131 447
132 448
132 451
133 452
133 458
134 459
134 460
135 461
135 465
136 466
136 468
137 469
137 470
138 471
138 473
139 474
139 477
140 478
140 479
141 480
144 480
145 479
152 479
153 478
158 478
159 477
162 477
163 476
163 467
162 466
162 462
161 462
160 461
158 461
157 462
154 462
153 461
153 456
150 453
150 449
149 448
149 436
148 435
148 431
147 430
147 428
146 427
146 424
145 423
145 421
143 419
143 417
142 416
142 414
141 413
141 412
140 411
140 410
139 409
139 405
138 404
138 394
139 393
139 391
138 390
138 389
137 388
133 388
132 387
132 386
16
137 388
139 406
150 452
153 463
160 461
162 476
142 479
139 477
135 456
131 440
126 422
127 417
125 412
119 402
123 390
130 387
18
499 395
494 395
493 396
489 396
488 395
487 395
486 394
486 392
485 391
485 387
486 386
486 385
489 382
490 382
491 381
497 381
498 380
499 380
4
485 396
485 380
499 380
499 396
51
181 374
180 375
179 375
178 376
177 376
177 377
176 378
176 380
177 381
177 388
178 389
178 395
179 396
179 400
180 401
180 405
181 406
181 411
182 412
182 418
183 419
183 424
184 425
184 428
185 429
185 432
186 433
186 434
197 434
198 433
198 426
197 425
197 418
196 417
196 413
195 412
195 407
194 406
194 400
193 399
193 394
192 393
193 392
193 386
192 385
192 384
191 383
191 378
190 377
190 375
189 374
4
183 436
175 375
191 373
199 434
100
241 499
241 498
240 497
240 495
239 494
239 490
242 487
242 480
241 479
241 472
240 471
240 466
239 465
239 462
238 461
238 456
237 455
237 450
236 449
236 442
235 441
235 433
234 432
234 427
233 426
233 421
232 420
232 416
231 415
231 410
230 409
230 401
229 400
229 397
228 396
228 389
227 388
227 384
225 382
224 382
222 380
222 379
221 378
221 376
220 375
220 373
223 370
224 370
225 369
231 369
232 368
233 368
236 371
236 374
237 375
237 377
238 378
238 380
239 381
239 385
240 386
240 387
241 388
241 389
242 390
242 392
243 393
243 403
244 404
244 416
245 417
245 421
246 422
246 424
247 425
247 431
248 432
248 434
249 435
249 448
250 449
250 452
251 453
251 454
252 455
252 457
253 458
253 462
254 463
254 469
255 470
255 477
254 478
255 479
255 494
256 495
256 497
255 498
254 498
253 499
19
255 496
253 477
251 456
247 434
244 418
239 386
237 372
232 369
225 370
222 375
223 381
227 384
230 401
241 480
242 486
239 490
240 492
240 499
252 498
90
0 350
1 351
1 352
2 353
3 353
4 354
5 354
6 355
11 355
12 356
15 356
16 355
20 355
21 354
23 354
24 353
25 353
26 352
32 352
34 354
34 355
35 356
35 357
36 358
36 362
37 363
37 367
36 368
34 368
33 369
32 369
31 370
30 370
29 371
20 371
19 372
14 372
13 373
11 373
10 374
8 374
7 375
4 375
3 376
2 376
0 378
1 378
4 375
7 375
8 374
10 374
11 373
13 373
14 372
19 372
20 371
29 371
30 370
31 370
32 369
33 369
34 368
36 368
37 367
37 363
36 362
36 358
35 357
35 356
34 355
34 353
33 353
32 352
26 352
25 353
24 353
23 354
21 354
20 355
16 355
15 356
12 356
11 355
6 355
5 354
4 354
3 353
2 353
1 352
1 351
24
2147483398 2147483398
2147483397 2147483396
2147483396 2147483397
2147483397 2147483396
2147483398 2147483398
2147483398 2147483400
2147483397 2147483399
2147483393 2147483394
2147483388 2147483389
2147483384 2147483386
2147483384 2147483384
2147483382 2147483382
2147483381 2147483380
2147483382 2147483382
2147483384 2147483384
2147483384 2147483386
2147483388 2147483389
2147483393 2147483394
2147483398 2147483400
2147483398 2147483398
2147483397 2147483396
2147483397 2147483398
2147483398 2147483398
2147483401 2147483400
353
301 499
301 494
303 492
307 492
308 491
309 491
309 490
310 489
310 485
309 484
309 481
308 481
307 480
306 480
304 478
304 474
303 473
303 469
302 468
302 465
301 464
301 447
300 446
300 442
299 441
299 439
298 438
298 436
297 435
297 429
296 428
296 417
295 416
295 411
294 410
294 409
293 408
293 405
292 404
292 399
291 398
291 384
290 383
290 377
289 376
289 373
288 372
288 370
287 369
287 368
288 367
288 365
287 364
287 361
289 359
291 359
292 358
298 358
299 357
301 357
302 356
308 356
309 357
311 357
312 356
319 356
320 355
325 355
326 354
327 355
332 355
334 353
338 353
339 352
345 352
346 351
349 351
350 350
359 350
360 349
363 349
364 348
369 348
370 347
371 347
372 348
374 348
375 347
377 347
378 346
379 346
380 345
382 345
383 346
387 346
388 345
390 345
391 344
393 344
395 346
395 350
396 351
396 353
397 354
397 374
398 375
398 381
399 382
399 384
400 385
400 389
401 390
401 395
402 396
402 398
401 399
401 403
400 404
386 404
385 403
385 402
384 401
384 400
383 399
383 390
382 389
382 384
381 383
381 376
380 375
380 370
379 369
379 366
378 365
378 364
377 363
363 363
362 364
353 364
352 365
351 365
350 366
347 366
346 367
344 367
343 368
340 368
339 369
327 369
326 370
324 370
323 371
321 371
320 372
310 372
309 371
306 371
304 373
304 383
305 384
305 385
306 386
306 390
307 391
307 392
308 393
308 395
309 396
309 401
308 402
308 410
309 411
309 416
310 417
310 419
311 420
311 423
312 424
312 425
314 427
314 434
313 435
313 442
314 443
314 448
315 449
315 452
316 453
316 454
317 455
317 456
318 457
318 458
320 460
320 461
321 462
321 463
323 463
324 462
325 462
325 461
328 458
333 458
334 457
341 457
342 458
342 465
343 466
343 475
344 476
344 479
343 480
343 482
342 483
339 483
338 482
336 482
335 481
323 481
322 482
322 489
321 490
322 491
323 491
325 493
325 499
325 492
324 492
323 491
322 491
321 490
322 489
322 482
323 481
335 481
336 482
338 482
339 483
342 483
343 482
343 480
344 479
344 476
343 475
343 466
342 465
342 458
341 457
334 457
333 458
328 458
327 459
326 459
326 460
323 463
322 463
320 461
320 460
319 459
319 458
317 456
317 455
316 454
316 453
315 452
315 449
314 448
314 443
313 442
313 435
314 434
314 427
313 426
313 425
311 423
311 420
310 419
310 417
309 416
309 411
308 410
308 402
309 401
309 396
308 395
308 393
307 392
307 391
306 390
306 386
305 385
305 384
304 383
304 373
306 371
309 371
310 372
320 372
321 371
323 371
324 370
326 370
327 369
339 369
340 368
343 368
344 367
346 367
347 366
350 366
351 365
352 365
353 364
362 364
363 363
377 363
378 364
378 365
379 366
379 369
380 370
380 375
381 376
381 383
382 384
382 389
383 390
383 399
384 400
384 401
385 402
385 403
386 404
400 404
401 403
401 399
402 398
402 396
401 395
401 390
400 389
400 385
399 384
399 382
398 381
398 375
397 374
397 354
396 353
396 351
395 350
395 345
394 344
