500
500
68
2
245 499
246 499
4
245 499
245 499
246 499
246 499
2
249 498
250 499
4
249 498
249 498
250 499
250 499
3
268 499
268 497
266 495
4
268 499
266 495
267 495
269 499
21
96 499
97 498
101 498
102 497
111 497
112 496
115 496
116 495
119 495
120 494
124 494
125 493
130 493
131 492
132 492
135 495
135 499
135 494
134 493
133 493
132 492
4
134 495
135 499
132 491
96 498
14
486 499
486 496
485 495
485 492
484 491
484 490
486 488
491 488
493 490
493 491
494 492
494 494
495 495
495 499
4
484 499
484 488
495 488
495 499
16
47 499
47 496
46 495
46 493
45 492
45 490
48 487
52 487
53 486
55 486
58 489
58 493
59 494
59 497
60 498
60 499
4
47 502
44 488
57 485
60 499
17
0 452
1 453
1 454
2 455
2 462
3 463
3 466
4 467
4 473
5 474
5 480
6 481
6 485
7 486
7 494
8 495
8 499
4
8 499
0 452
1 452
9 499
23
499 458
498 459
495 459
494 460
493 460
492 461
484 461
483 462
477 462
475 460
475 459
474 458
474 455
477 452
479 452
480 451
485 451
486 450
491 450
492 449
496 449
497 448
499 448
4
475 464
473 452
499 448
501 459
49
187 439
186 440
183 440
182 441
181 441
181 442
180 443
180 448
181 449
181 455
182 456
182 461
183 462
183 465
184 466
184 473
185 474
185 477
186 478
186 484
187 485
187 488
188 489
188 493
189 494
192 494
193 493
200 493
202 491
202 488
201 487
201 485
200 484
200 477
199 476
199 469
198 468
198 467
197 466
197 460
196 459
196 455
195 454
195 449
194 448
194 442
193 441
193 440
192 439
4
188 495
179 440
194 438
203 493
50
152 499
152 496
151 495
151 489
150 488
150 483
149 482
149 477
148 476
148 472
147 471
147 467
146 466
146 460
145 459
145 457
144 456
144 450
143 449
143 445
144 444
144 443
147 440
148 440
149 439
150 439
151 438
153 438
156 441
156 449
157 450
157 452
158 453
158 457
159 458
159 465
160 466
160 475
161 476
161 479
162 480
162 484
163 485
163 486
164 487
164 492
163 493
163 494
164 495
164 499
4
152 501
141 440
155 437
166 499
54
236 430
235 431
233 431
232 432
231 432
230 433
229 433
228 434
228 435
227 436
227 443
228 444
228 447
229 448
229 453
230 454
230 458
231 459
231 466
232 467
232 472
233 473
233 479
234 480
234 483
235 484
235 485
236 486
237 486
238 487
244 487
245 486
248 486
249 485
249 481
248 480
248 475
247 474
247 469
246 468
246 463
245 462
245 457
244 456
244 450
243 449
243 445
242 444
242 438
241 437
241 432
240 431
239 431
238 430
4
235 489
225 432
241 429
250 486
12
38 426
36 428
36 431
37 432
37 434
38 435
40 435
40 434
41 433
41 431
39 429
39 427
4
38 436
35 427
39 426
42 434
32
77 422
76 423
72 423
71 424
64 424
63 425
59 425
58 426
57 426
56 427
55 427
54 428
54 429
53 430
53 431
50 434
50 435
51 436
51 437
53 437
57 441
57 442
58 443
65 443
68 440
81 440
82 439
82 426
81 425
81 423
80 423
79 422
4
52 445
48 427
81 421
85 439
25
0 442
2 442
3 441
5 441
5 440
6 439
6 434
7 433
7 431
6 430
6 425
7 424
7 423
10 420
22 420
23 419
26 419
26 409
25 408
25 405
24 404
23 404
22 403
20 403
19 402
6
18 403
24 404
23 419
10 418
6 438
1 441
2
267 401
268 401
4
267 401
267 401
268 401
268 401
116
314 399
313 400
307 400
306 401
302 401
301 402
296 402
295 403
290 403
289 404
284 404
283 405
278 405
277 406
269 406
268 407
265 407
264 408
258 408
257 409
256 409
254 411
254 414
255 415
255 419
256 420
256 424
257 425
257 426
258 427
264 427
266 425
270 425
271 424
274 424
275 423
281 423
282 422
289 422
290 423
290 429
291 430
291 432
292 433
292 435
293 436
293 440
294 441
294 444
292 446
287 446
286 447
283 447
282 448
281 448
280 449
279 449
279 450
278 451
278 456
279 457
279 458
280 459
280 460
281 461
283 461
284 460
291 460
292 459
293 459
294 458
298 458
299 457
306 457
307 456
310 456
311 455
312 456
316 456
317 455
320 455
321 454
322 454
322 448
321 447
321 442
320 442
319 441
318 441
317 442
311 442
310 443
307 443
306 442
305 442
304 441
304 439
303 438
303 436
302 435
302 431
301 430
301 421
303 419
308 419
309 418
313 418
314 417
315 418
321 418
323 416
323 405
322 404
322 400
321 400
320 399
13
321 417
300 419
301 430
303 441
321 440
322 453
281 460
279 447
295 443
292 423
258 427
256 411
320 401
6
266 399
265 400
264 400
264 401
266 399
268 399
4
264 401
264 400
268 398
268 399
139
401 398
400 399
396 399
395 400
390 400
389 401
383 401
382 402
378 402
377 403
373 403
372 404
366 404
365 405
361 405
360 406
356 406
355 407
349 407
348 408
347 408
345 410
345 412
346 413
346 417
347 418
347 419
348 420
348 421
358 421
359 420
363 420
364 419
371 419
372 418
373 419
374 419
376 421
376 423
377 424
377 426
378 427
378 428
379 429
377 431
376 431
373 434
370 434
369 435
365 435
364 436
360 436
359 437
353 437
352 438
346 438
345 439
343 439
342 440
341 440
341 441
340 442
340 443
339 444
337 444
336 445
335 445
334 446
334 451
336 453
340 453
341 454
348 454
349 453
352 453
353 452
354 452
355 451
361 451
362 450
364 450
365 449
373 449
374 448
380 448
381 447
384 447
385 446
391 446
392 445
396 445
399 442
408 442
409 441
410 441
411 440
415 440
416 441
421 441
422 440
423 440
423 429
422 428
422 427
421 427
420 426
417 426
416 427
411 427
410 428
406 428
405 429
399 429
398 430
393 430
392 431
387 431
386 430
385 430
383 428
383 420
384 419
384 418
386 416
387 416
388 415
394 415
395 414
402 414
403 413
407 413
408 412
409 412
409 407
408 406
408 401
407 400
407 399
406 398
15
419 441
348 454
336 448
344 438
374 433
379 427
372 421
349 423
347 410
349 409
405 398
408 412
386 418
380 427
420 428
59
235 395
234 396
228 396
227 397
223 397
222 398
218 398
217 399
212 399
211 400
206 400
205 401
199 401
198 402
194 402
193 403
189 403
188 404
182 404
181 405
177 405
176 406
175 406
175 407
174 408
174 415
175 416
175 417
176 418
176 419
188 419
189 418
191 418
192 417
200 417
201 416
206 416
207 415
211 415
212 414
215 414
216 413
218 413
219 412
227 412
228 411
231 411
232 410
236 410
237 409
238 409
238 408
239 407
239 401
238 400
238 398
237 397
237 396
236 396
4
175 421
172 406
238 394
241 410
14
268 384
266 384
265 385
264 385
262 387
261 387
260 386
260 385
259 384
259 382
260 381
264 381
265 382
268 382
4
259 387
259 381
268 381
268 387
31
353 376
352 377
346 377
345 378
343 378
342 379
339 379
338 380
337 380
336 381
335 381
335 382
334 383
334 387
335 388
335 389
338 392
348 392
349 391
355 391
356 390
359 390
360 389
363 389
364 388
365 388
365 386
362 383
362 377
361 377
360 376
4
335 394
333 379
363 375
366 390
29
295 375
294 376
286 376
285 377
283 377
282 378
281 378
281 379
280 380
281 381
281 384
282 385
286 385
288 387
291 387
292 388
295 388
296 389
300 389
301 388
301 386
302 385
302 382
300 380
300 379
299 378
299 376
298 376
297 375
4
280 389
280 375
302 375
302 389
42
499 393
498 393
497 394
494 394
493 395
487 395
486 396
485 396
482 399
473 399
472 398
471 398
468 395
468 393
470 391
471 391
472 390
477 390
478 389
480 389
481 388
481 384
480 383
480 380
479 379
479 375
478 374
478 369
477 368
477 366
476 365
476 363
475 362
475 351
478 348
484 348
485 347
490 347
491 346
493 346
494 347
499 347
6
499 392
497 346
476 350
482 386
469 391
472 398
81
124 344
123 345
119 345
118 346
113 346
112 347
111 347
109 349
109 350
110 351
110 354
111 355
111 357
112 358
112 359
113 359
114 360
117 360
119 362
119 369
118 370
116 370
115 371
112 371
111 372
110 372
110 373
109 374
109 375
108 376
108 383
109 384
109 388
110 389
110 392
111 393
111 395
112 396
112 399
113 400
113 414
114 415
114 418
115 419
115 420
116 421
116 422
117 423
117 424
124 424
125 423
129 423
129 416
128 415
128 406
127 405
127 399
126 398
126 392
125 391
125 387
124 386
124 382
123 381
123 374
125 372
126 372
127 371
128 371
131 368
132 368
133 367
133 363
132 362
132 359
131 358
131 352
130 351
130 345
129 345
128 344
10
132 369
121 374
128 423
119 424
108 377
119 371
120 364
113 360
110 351
126 345
84
83 326
82 327
78 327
77 328
72 328
71 329
67 329
66 330
60 330
59 331
55 331
54 332
49 332
48 333
44 333
43 334
37 334
36 335
32 335
31 336
25 336
24 337
21 337
20 338
15 338
14 339
13 339
12 340
12 346
13 347
13 353
14 354
14 358
15 359
15 364
16 365
16 370
17 371
17 375
18 376
18 381
19 382
19 384
20 385
20 389
21 390
24 390
25 389
35 389
37 387
39 387
40 386
42 386
43 385
45 385
46 384
49 384
50 383
56 383
57 382
64 382
66 380
71 380
72 379
77 379
78 378
84 378
85 377
92 377
92 365
91 364
91 361
90 360
90 355
89 354
89 346
88 345
88 337
87 336
87 334
86 333
86 328
85 327
84 327
4
20 392
10 338
86 325
95 379
55
165 322
164 323
162 323
160 325
160 328
161 329
161 339
162 340
162 343
163 344
163 352
164 353
164 354
165 355
165 361
166 362
166 368
167 369
167 375
168 376
168 379
169 380
169 384
170 385
170 386
172 386
173 387
176 387
177 386
181 386
182 385
184 385
184 381
183 380
183 377
182 376
182 369
181 368
181 364
180 363
180 360
179 359
179 350
178 349
178 346
177 345
177 339
176 338
176 331
175 330
175 325
174 324
174 323
173 323
172 322
4
169 388
158 323
174 321
185 386
93
227 309
226 310
223 310
222 311
217 311
216 312
215 312
214 313
213 313
213 314
212 315
212 318
213 319
213 324
214 325
214 330
215 331
215 333
216 334
218 334
219 335
221 335
222 334
223 334
224 335
226 335
227 334
229 334
232 337
232 342
233 343
233 350
231 352
231 353
230 354
230 355
231 356
231 361
232 362
232 364
233 365
240 365
241 364
244 364
248 368
248 370
249 371
249 372
250 373
250 374
255 374
256 373
261 373
262 372
262 366
265 363
266 363
266 359
265 358
265 353
264 352
264 350
263 350
262 349
259 349
258 350
251 350
249 348
249 345
248 344
248 341
247 340
247 336
249 334
249 321
248 320
248 319
247 319
246 318
244 318
243 319
239 319
238 320
236 320
235 321
232 321
231 320
231 319
230 318
230 316
229 315
229 310
228 309
12
230 311
231 321
246 321
247 348
264 351
260 374
250 372
243 362
233 362
234 337
216 335
215 315
59
291 307
290 308
289 308
288 309
288 310
287 311
287 315
288 316
288 323
289 324
289 327
290 328
290 332
291 333
291 334
293 336
293 339
294 340
294 343
295 344
295 347
296 348
296 353
297 354
297 358
298 359
298 362
299 363
299 365
300 366
300 367
312 367
313 366
313 352
312 351
312 349
311 348
311 345
310 344
310 343
309 342
309 339
308 338
308 335
307 334
307 332
306 331
306 327
305 326
305 325
304 324
304 320
303 319
303 317
302 316
302 313
301 312
301 308
300 307
4
300 370
284 309
300 305
317 366
66
391 283
390 284
384 284
383 285
380 285
378 287
378 290
379 291
379 294
380 295
380 301
381 302
381 307
382 308
382 310
383 311
383 315
384 316
384 319
385 320
385 322
386 323
386 330
387 331
387 336
388 337
388 344
389 345
389 348
390 349
390 353
391 354
391 355
392 356
392 357
395 357
396 356
404 356
404 351
403 350
403 345
402 344
402 339
401 338
401 331
400 330
400 326
399 325
399 320
398 319
398 315
397 314
397 307
396 306
396 303
395 302
395 298
394 297
394 296
395 295
395 293
394 292
394 287
393 286
393 284
392 284
4
389 358
377 285
393 282
405 356
58
498 282
497 283
492 283
491 284
484 284
483 285
479 285
478 286
474 286
473 287
472 287
470 289
470 295
471 296
471 299
472 300
472 302
473 303
473 304
474 305
481 305
482 304
486 304
487 303
492 303
493 304
496 304
499 301
498 301
498 302
496 304
493 304
492 303
487 303
486 304
482 304
481 305
474 305
473 304
473 303
472 302
472 300
471 299
471 296
470 295
470 289
472 287
473 287
474 286
478 286
479 285
483 285
484 284
491 284
492 283
497 283
498 282
499 282
6
470 290
472 306
495 305
471 306
470 287
497 283
49
61 278
60 279
61 280
61 281
63 283
62 284
60 284
59 285
54 285
53 286
51 286
50 287
49 287
49 292
50 293
50 297
51 298
51 303
52 304
52 306
53 307
53 308
54 309
57 309
58 308
61 308
62 307
67 307
68 306
74 306
75 305
79 305
80 304
84 304
84 303
88 299
94 299
95 298
95 292
94 291
94 286
93 285
93 281
92 280
92 272
91 271
91 270
90 270
89 269
6
62 285
61 278
87 272
93 297
55 307
50 288
22
458 268
457 269
456 269
454 271
455 272
455 282
456 283
456 290
457 291
457 297
458 298
458 299
459 300
463 300
464 299
465 299
465 289
466 288
466 275
465 274
465 269
464 268
4
457 301
454 268
465 267
468 300
15
499 270
489 270
488 269
482 269
478 265
478 264
477 264
475 262
475 261
480 256
481 256
482 257
483 257
484 258
499 258
4
499 271
474 268
476 255
500 258
13
268 252
265 252
264 251
264 250
262 248
262 247
266 243
267 243
269 245
269 246
268 247
268 249
269 250
4
267 254
261 248
267 243
272 248
93
107 226
106 227
102 227
101 228
96 228
95 229
91 229
90 230
85 230
84 231
79 231
78 232
73 232
72 233
65 233
64 234
57 234
56 235
52 235
51 236
45 236
44 237
39 237
38 238
33 238
32 239
28 239
27 240
22 240
21 241
16 241
15 242
9 242
8 243
7 243
6 244
6 245
5 246
6 247
6 254
7 255
7 259
8 260
8 264
9 265
9 267
10 268
10 269
17 269
18 268
23 268
24 267
27 267
28 266
33 266
34 265
40 265
41 264
45 264
46 263
50 263
51 262
54 262
55 261
63 261
64 260
68 260
69 259
74 259
75 258
79 258
80 257
86 257
87 256
93 256
94 255
97 255
98 254
101 254
102 253
108 253
109 252
112 252
113 251
113 242
112 241
112 234
111 233
111 231
110 230
110 227
109 227
108 226
4
9 270
4 243
111 225
115 253
42
456 222
455 223
453 223
452 224
451 224
451 225
450 226
450 229
451 230
451 235
452 236
452 240
453 241
453 248
454 249
454 253
455 254
455 260
456 261
456 262
461 262
462 263
464 263
464 262
467 259
469 259
470 258
471 258
471 255
472 254
472 252
471 251
471 249
470 248
470 238
469 237
469 231
468 230
468 227
467 226
467 224
465 222
4
456 264
449 223
467 220
474 261
86
149 209
148 210
145 210
143 212
143 214
144 215
144 218
145 219
145 225
146 226
146 231
147 232
147 237
148 238
148 241
149 242
149 246
150 247
150 252
151 253
151 254
152 255
152 256
154 256
155 255
157 255
160 258
160 260
161 261
161 265
162 266
162 273
163 274
163 279
164 280
164 285
165 286
165 293
166 294
166 298
167 299
167 303
168 304
168 306
169 307
169 308
180 308
181 307
183 307
183 303
182 302
182 297
181 296
181 292
180 291
180 287
179 286
179 281
178 280
178 275
177 274
177 269
176 268
176 263
175 262
175 255
174 254
174 250
173 250
172 249
166 249
165 248
165 247
164 246
164 244
163 243
163 235
162 234
162 230
161 229
161 226
160 225
160 219
159 218
159 210
158 209
8
159 211
164 246
173 252
182 305
167 306
161 258
152 251
146 210
88
204 200
203 201
197 201
196 202
193 202
191 204
191 207
192 208
192 211
193 212
193 218
194 219
194 225
195 226
195 229
196 230
196 238
197 239
197 242
198 243
198 245
199 246
199 247
200 248
206 248
208 250
208 254
209 255
209 260
210 261
210 269
211 270
211 274
212 275
212 279
213 280
213 286
214 287
214 293
215 294
215 296
216 297
216 300
217 301
230 301
231 300
232 300
232 296
231 295
231 292
230 291
230 287
229 286
229 280
228 279
228 275
227 274
227 269
226 268
226 264
225 263
225 258
224 257
224 252
223 251
223 246
222 245
222 242
221 242
220 241
214 241
213 240
213 238
212 237
212 233
211 232
211 226
210 225
210 221
209 220
209 214
208 213
208 209
207 208
207 203
206 202
206 201
205 201
8
207 203
211 242
222 242
228 300
215 300
209 251
201 247
194 203
29
0 200
4 200
5 199
12 199
13 198
23 198
24 197
28 197
29 196
30 196
31 197
32 197
33 198
35 198
37 200
37 202
35 204
34 204
32 206
31 206
30 205
29 206
21 206
20 207
8 207
7 208
6 208
4 210
0 210
4
0 211
-1 200
36 195
38 205
89
305 187
304 188
303 188
301 190
301 191
300 192
300 195
299 196
299 199
300 200
300 203
301 204
301 213
300 214
300 215
299 216
299 217
300 218
300 219
302 219
303 220
309 220
312 223
312 225
313 226
313 239
314 240
314 243
315 244
315 246
316 247
316 251
314 253
310 253
309 254
308 254
308 255
307 256
307 258
308 259
308 260
310 262
310 264
311 265
311 268
312 269
312 274
313 275
313 280
314 281
314 282
315 283
315 284
319 284
320 283
326 283
327 282
328 282
328 268
327 267
328 266
328 263
329 262
329 258
330 257
330 243
329 242
329 229
328 228
328 227
327 226
327 222
326 221
326 215
325 214
325 212
324 212
323 211
318 211
316 209
316 207
315 206
315 200
314 199
314 191
313 190
313 188
312 188
311 187
12
312 188
316 211
324 218
328 255
326 283
315 284
309 258
316 244
312 224
301 217
300 196
306 189
40
81 187
80 188
74 188
73 189
68 189
67 190
62 190
61 191
58 191
57 192
54 192
53 193
51 193
50 194
49 194
49 195
48 196
48 198
49 199
49 200
51 200
52 201
61 201
62 200
63 201
65 201
66 200
70 200
71 199
72 199
73 198
81 198
82 197
84 197
85 196
86 196
88 194
88 191
85 188
82 188
4
49 204
47 192
87 186
89 197
96
371 176
370 177
364 177
363 178
361 178
359 180
359 184
360 185
360 189
361 190
361 197
362 198
362 203
361 204
360 204
359 205
358 205
356 207
356 209
357 210
357 214
358 215
358 222
359 223
359 229
360 230
360 234
361 235
361 240
362 241
362 244
363 245
363 248
364 249
364 250
369 250
371 252
371 254
372 255
372 261
373 262
373 267
374 268
374 270
375 271
375 273
376 274
377 274
378 275
380 275
381 274
385 274
386 273
388 273
389 272
389 262
388 261
388 256
387 255
388 254
388 242
387 242
386 241
378 241
376 239
376 237
375 236
375 229
374 228
374 219
373 218
373 214
372 213
372 212
374 210
375 210
376 209
377 209
378 208
379 208
380 207
381 207
381 203
379 201
379 200
378 199
378 197
376 195
376 192
375 191
375 181
374 180
374 179
373 178
373 177
372 177
13
379 205
372 213
376 241
386 240
389 271
378 273
375 270
371 252
364 246
357 211
363 203
359 180
371 177
44
258 162
259 161
261 161
262 160
264 160
265 159
269 159
270 160
270 161
271 161
272 162
279 162
280 161
283 161
284 160
286 160
287 159
290 159
293 156
294 156
295 155
297 155
297 148
296 147
296 141
295 140
294 140
293 139
292 139
291 140
284 140
283 141
278 141
277 142
268 142
267 141
267 139
266 138
266 137
265 136
257 136
256 135
251 135
250 134
7
265 137
268 145
293 140
297 156
277 161
259 163
250 135
10
315 112
314 113
314 114
315 115
315 116
319 116
320 115
320 113
319 113
318 112
4
314 116
314 112
320 112
320 116
139
481 109
480 110
474 110
473 111
472 111
471 112
464 112
463 113
458 113
457 114
453 114
452 115
449 115
448 116
442 116
441 117
438 117
437 118
436 118
434 120
434 124
435 125
435 129
436 130
436 134
437 135
437 138
438 139
438 144
436 146
436 147
435 148
435 149
434 150
434 152
435 153
435 154
436 155
436 156
438 156
440 158
440 160
441 161
441 165
442 166
442 172
443 173
443 177
444 178
444 180
446 182
454 182
455 181
463 181
464 180
465 180
465 177
464 176
463 176
462 175
462 174
461 173
461 166
462 165
462 163
461 162
461 159
463 157
463 153
462 152
462 145
461 144
461 140
460 139
460 138
459 138
458 137
457 137
456 138
453 138
452 137
452 136
451 135
451 130
453 128
454 128
455 127
457 127
458 126
462 126
463 125
469 125
470 124
472 126
472 127
473 128
473 131
474 132
474 135
475 136
475 141
476 142
476 146
477 147
477 152
478 153
478 157
479 158
479 162
480 163
480 164
481 165
481 166
485 166
486 165
489 165
490 164
493 164
493 156
492 155
492 149
491 148
491 140
490 139
490 138
489 137
489 135
488 134
488 132
487 131
487 123
486 122
486 119
485 118
485 112
484 111
484 110
483 110
482 109
14
490 163
480 166
469 125
457 128
451 137
461 142
461 172
466 178
446 182
442 158
434 152
440 141
436 121
483 111
5
313 108
313 110
314 110
315 109
315 108
4
315 110
313 110
313 108
315 108
6
319 107
319 106
320 105
321 105
322 106
322 107
4
319 107
319 105
322 105
322 107
4
463 99
463 101
465 101
465 99
4
465 101
463 101
463 99
465 99
24
458 96
457 97
456 97
456 99
455 100
454 100
453 99
453 98
452 98
451 97
450 97
448 99
448 100
451 103
454 103
455 102
459 102
461 100
460 101
459 100
459 99
460 98
460 97
459 97
4
448 104
448 97
460 96
461 102
5
499 96
498 95
498 90
497 89
499 87
4
497 96
497 87
499 87
499 96
77
193 70
192 71
191 71
190 72
186 72
185 73
183 73
181 75
181 77
180 78
180 80
181 81
181 82
182 83
182 84
183 85
183 95
184 96
184 99
185 100
185 102
186 103
186 105
187 106
187 119
188 120
188 124
189 125
189 126
190 127
190 138
191 139
191 143
192 144
192 145
193 146
193 149
194 150
194 156
195 157
195 158
196 159
196 160
198 160
199 161
202 161
203 160
209 160
209 155
208 154
208 141
207 140
207 138
206 137
206 134
205 133
205 126
204 125
204 120
203 119
203 117
202 116
202 106
201 105
201 103
200 102
200 100
199 99
199 96
198 95
198 85
197 84
197 82
196 81
196 80
195 79
195 72
4
194 163
179 72
196 70
211 160
84
0 79
4 79
5 78
10 78
11 77
15 77
16 76
22 76
23 75
28 75
29 74
34 74
35 73
40 73
41 72
47 72
48 71
54 71
55 70
59 70
60 69
65 69
66 68
71 68
72 67
78 67
79 66
85 66
86 65
87 65
89 67
89 70
90 71
90 76
91 77
91 81
92 82
92 83
93 84
93 89
94 90
94 96
95 97
95 108
94 109
93 109
92 110
87 110
84 107
84 103
83 103
82 102
81 103
79 103
78 104
73 104
72 105
70 105
69 104
63 104
62 103
59 103
58 104
52 104
51 105
49 105
48 106
42 106
41 107
35 107
34 108
33 108
32 109
30 109
29 108
28 108
27 109
26 109
25 110
15 110
14 111
9 111
8 112
0 112
6
1 111
80 102
87 108
94 107
86 65
1 80
102
345 63
344 64
336 64
334 66
335 67
335 71
336 72
336 74
337 75
337 76
341 76
342 77
342 78
343 79
343 81
342 82
343 83
343 91
344 92
344 93
345 94
345 95
346 96
346 99
345 100
345 102
346 103
346 110
347 111
347 113
348 114
348 115
349 116
349 124
350 125
350 126
351 127
351 128
352 129
352 134
351 135
350 135
349 136
343 136
342 137
340 137
339 138
331 138
330 139
327 139
326 140
325 140
325 141
324 142
324 146
325 147
325 151
326 152
330 152
331 153
337 153
338 152
344 152
347 149
355 149
356 148
357 148
358 147
361 147
362 146
364 146
364 136
365 135
365 133
364 132
364 126
363 125
363 120
362 119
362 113
361 112
361 110
360 109
360 105
359 104
359 94
358 93
358 88
357 87
357 85
356 84
356 80
355 79
355 75
354 74
354 72
353 71
353 67
352 66
352 65
351 64
346 64
9
358 95
363 146
326 150
325 138
351 134
344 81
338 76
336 67
349 65
50
499 63
495 63
494 64
487 64
486 65
482 65
481 66
475 66
474 67
473 67
472 68
470 68
469 69
467 69
466 68
465 68
464 69
463 69
462 70
452 70
451 71
443 71
441 69
441 67
440 66
440 64
441 63
441 60
443 58
444 58
445 57
450 57
451 56
456 56
457 55
462 55
463 54
468 54
469 53
474 53
475 52
479 52
480 51
486 51
487 50
491 50
492 49
497 49
498 48
499 48
4
441 74
439 58
499 48
502 63
41
419 37
418 38
411 38
410 39
409 39
407 41
407 45
408 46
408 50
409 51
409 62
410 63
410 64
411 65
411 68
412 69
412 73
413 74
413 75
414 76
414 77
415 78
421 78
422 77
424 77
425 76
427 76
427 61
426 60
426 57
425 56
425 54
424 53
424 49
423 48
423 46
422 45
422 40
421 39
421 38
420 37
4
413 80
404 40
421 36
431 76
4
185 34
185 36
187 36
187 34
4
187 36
185 36
185 34
187 34
35
235 29
235 28
233 26
233 24
235 22
237 22
239 24
239 27
240 28
240 29
241 30
241 36
242 37
242 42
243 43
243 51
244 52
244 59
243 60
241 60
240 61
231 61
228 58
227 58
224 55
224 52
227 49
229 49
229 39
228 38
228 36
227 35
227 33
230 30
233 30
8
234 30
229 35
231 47
225 55
232 60
243 58
238 26
234 22
191
141 18
140 19
134 19
133 20
126 20
125 21
121 21
120 22
115 22
114 23
113 23
112 24
111 24
111 25
110 26
110 29
111 30
111 33
112 34
112 37
113 38
113 43
114 44
114 51
115 52
115 57
116 58
116 62
117 63
117 67
118 68
118 71
119 72
119 75
120 76
120 88
121 89
121 91
122 92
122 93
128 93
131 96
131 100
132 101
132 105
133 106
133 110
134 111
134 112
135 113
135 125
136 126
136 134
137 135
137 137
138 138
138 141
139 142
139 148
140 149
140 157
141 158
141 161
142 162
142 169
143 170
143 172
144 173
144 178
145 179
145 182
146 183
146 187
147 188
147 191
148 192
148 193
152 193
153 192
158 192
159 191
159 186
158 185
158 183
157 182
157 177
156 176
156 169
155 168
155 165
154 164
154 160
153 159
153 154
152 153
152 151
155 148
156 149
158 149
160 151
160 152
161 153
161 154
162 155
162 156
165 156
166 155
167 155
169 153
177 153
178 152
180 152
181 151
182 151
183 150
183 145
182 144
182 140
181 139
181 135
180 134
180 133
179 132
171 132
170 131
167 131
167 132
165 134
162 134
161 135
160 135
158 137
158 139
159 140
159 143
158 144
153 144
151 142
151 140
150 139
150 137
149 136
149 130
148 129
148 126
147 125
147 119
146 118
146 111
145 110
145 103
144 102
144 99
143 98
143 96
142 96
141 95
140 95
139 94
139 92
140 91
140 88
139 87
139 83
138 82
138 79
137 78
137 74
136 73
136 67
135 66
135 60
134 59
134 52
133 51
133 47
131 45
131 41
130 40
130 39
133 36
136 39
144 39
145 38
151 38
151 34
149 32
149 22
148 21
148 19
147 18
21
147 21
149 38
134 38
131 42
149 134
151 145
156 145
156 137
166 129
178 130
182 151
163 154
157 150
151 151
160 189
152 191
147 188
132 97
121 89
111 29
116 23
26
414 3
413 4
407 4
406 5
405 5
405 6
404 7
404 12
405 13
405 19
406 20
406 24
407 25
407 26
408 27
408 28
418 28
419 27
419 18
418 17
418 13
417 12
417 9
416 8
416 4
415 4
4
407 30
403 5
417 3
420 28
11
499 20
495 20
494 21
490 21
488 19
488 17
487 16
487 9
486 8
486 2
485 1
4
492 25
478 6
485 1
499 20
2
437 8
437 1
4
437 1
437 1
437 8
437 8
28
439 8
452 8
453 7
463 7
464 8
466 8
467 7
470 10
470 17
468 19
467 19
466 20
454 20
453 21
450 21
449 22
441 22
440 23
437 23
436 22
435 22
432 19
432 17
431 16
431 14
430 13
430 8
429 7
4
470 23
429 23
429 7
470 7
26
349 0
349 2
350 3
350 6
351 7
351 11
348 14
346 14
345 15
344 15
342 17
341 17
340 18
338 18
337 19
334 19
332 17
332 14
331 13
331 6
333 4
334 4
335 3
339 3
340 2
342 2
4
333 20
329 5
349 -1
353 15
57
297 0
297 7
298 8
298 17
297 18
297 24
298 25
298 28
299 29
299 30
300 31
303 31
304 32
306 32
308 34
308 37
309 38
309 40
310 41
310 45
311 46
311 47
308 50
308 54
309 55
309 62
310 63
319 63
320 62
326 62
326 50
325 49
325 46
326 45
326 40
327 39
327 37
326 36
326 29
324 27
323 27
322 26
321 27
318 27
316 25
316 24
315 23
315 20
314 19
314 15
313 14
314 13
314 12
315 11
315 4
314 3
314 0
9
312 2
315 24
325 30
324 61
311 61
311 44
310 34
300 28
298 1
16
160 0
160 7
161 8
161 9
162 10
164 10
165 9
170 9
171 8
172 8
173 7
175 7
176 6
176 4
175 3
175 0
4
176 10
160 10
160 0
176 0
20
131 0
132 1
132 7
133 8
133 12
132 13
131 13
130 14
126 14
125 13
125 12
124 12
123 11
119 11
116 8
116 6
115 5
115 3
114 2
114 1
4
115 15
114 1
133 0
133 14
87
0 27
3 27
4 26
6 26
7 25
12 25
13 24
18 24
19 23
27 23
28 22
32 22
33 21
36 21
36 20
38 18
39 18
40 17
42 17
43 16
45 16
46 17
48 17
49 18
50 18
53 21
53 22
54 23
54 25
52 27
49 27
48 28
44 28
43 29
42 29
41 30
40 30
40 31
39 32
39 37
40 38
40 39
41 40
45 40
46 39
51 39
52 40
56 40
57 41
58 41
60 43
60 48
59 49
59 52
60 53
60 54
61 55
72 55
72 49
74 47
74 45
73 44
73 41
72 40
72 34
70 32
70 24
69 23
69 21
67 19
67 11
68 10
68 6
67 5
58 5
57 6
48 6
47 7
34 7
33 6
33 4
32 3
32 2
31 2
30 1
29 2
22 2
12
22 2
31 2
36 8
66 5
70 53
60 54
57 39
41 39
41 28
52 25
49 18
1 26
11
0 12
5 12
6 11
10 11
11 10
12 10
12 6
11 5
11 2
13 0
15 0
4
5 17
0 12
14 -1
19 4
