863
401
92
2
852 399
852 400
4
852 399
852 399
852 400
852 400
4
812 399
811 400
812 399
813 400
4
812 401
811 400
812 399
813 400
5
853 397
854 396
855 396
856 395
862 395
4
853 397
853 396
862 394
862 395
4
335 400
336 399
336 395
335 394
4
335 400
335 394
336 394
336 400
10
0 393
1 394
1 395
2 396
2 397
3 398
3 400
3 397
1 395
1 394
4
3 400
0 393
1 393
4 400
16
704 400
704 399
703 398
707 394
708 395
709 395
710 394
714 394
715 393
717 393
718 392
723 392
725 394
725 396
724 397
724 400
4
703 400
703 392
725 392
725 400
31
834 382
833 383
824 383
823 384
822 384
821 385
820 385
820 386
819 387
820 388
819 389
819 390
820 391
820 392
821 393
821 395
820 396
822 398
824 398
825 397
835 397
836 396
837 396
838 395
838 394
839 393
838 392
838 390
837 389
837 384
835 382
4
820 399
818 384
838 382
839 397
38
13 400
13 399
14 398
13 397
13 392
12 391
12 389
11 388
14 385
25 385
26 384
26 381
27 380
27 378
29 376
31 376
32 375
33 375
34 376
35 376
37 378
37 381
38 382
38 383
39 384
39 386
40 387
40 389
41 390
41 391
40 392
40 394
39 395
40 396
40 397
39 398
39 399
38 400
11
36 401
39 388
35 380
33 376
29 378
26 381
24 387
18 385
10 389
15 396
13 402
112
247 400
247 396
246 395
246 390
248 388
252 388
253 389
254 388
256 388
257 387
258 388
263 388
265 386
267 386
268 385
270 385
271 386
272 385
273 385
274 384
276 384
277 385
278 384
279 384
280 383
287 383
288 382
289 383
290 382
292 382
293 381
294 381
295 382
296 381
300 381
301 380
306 380
307 379
312 379
313 378
315 378
316 377
318 377
319 376
325 376
326 375
335 375
336 374
337 374
338 375
339 374
342 374
343 373
350 373
351 374
352 374
353 373
354 374
355 374
356 375
356 376
357 377
357 379
358 380
357 381
357 384
358 385
357 386
357 390
356 391
356 392
355 393
355 396
356 397
354 399
352 399
351 398
350 399
349 398
348 398
347 397
342 397
339 394
339 393
337 391
337 390
334 390
331 387
330 387
329 386
328 387
327 387
326 386
320 386
319 385
318 385
317 384
314 384
313 385
313 387
314 388
314 390
312 392
311 392
310 393
309 392
307 392
305 394
305 395
304 396
304 399
303 400
32
249 399
305 398
305 394
306 391
312 391
311 388
313 386
315 384
317 386
327 386
332 389
336 389
344 397
352 397
354 397
354 391
357 387
357 379
355 378
353 376
323 378
294 381
292 383
288 383
282 383
280 385
274 385
272 387
268 387
267 388
249 389
247 389
31
432 400
432 396
431 395
431 393
430 392
430 391
429 390
429 383
430 382
430 379
429 378
429 376
428 375
430 373
431 373
432 372
437 372
438 371
440 371
441 370
442 370
444 372
444 382
445 383
445 385
446 386
446 387
447 388
447 393
448 394
448 400
4
431 403
426 373
444 370
449 400
12
0 375
1 374
4 374
5 373
5 370
6 369
6 368
5 367
5 366
4 365
3 365
2 364
4
5 376
0 375
2 364
7 365
14
27 362
25 364
25 365
24 366
24 368
25 369
25 370
26 370
27 371
30 371
31 370
32 370
32 363
28 363
4
24 371
24 362
32 362
32 371
27
849 400
850 399
850 396
848 394
848 391
847 390
847 387
846 386
846 385
845 384
845 380
844 379
844 378
843 377
843 361
844 360
844 359
847 356
848 356
849 355
851 355
852 354
853 354
854 353
857 353
858 352
861 352
8
860 354
848 355
842 362
843 374
848 379
847 393
849 394
850 396
53
818 351
817 352
816 352
815 353
814 353
812 355
813 356
813 358
812 359
813 360
813 362
814 363
814 365
813 366
814 367
814 369
813 370
813 374
814 375
814 376
822 376
823 375
825 375
827 373
828 374
829 374
830 373
831 374
832 374
833 373
837 373
837 371
838 370
838 368
837 367
837 365
838 364
837 363
837 362
835 362
834 361
832 361
831 362
825 362
824 363
822 361
825 358
825 355
823 353
822 353
821 352
820 352
819 351
4
813 377
811 351
837 350
839 375
52
486 351
485 352
482 352
481 353
480 352
474 352
473 353
471 353
470 354
469 353
467 353
466 354
463 354
462 355
460 355
459 354
458 355
455 355
454 356
452 356
452 357
451 358
451 366
452 367
452 368
453 369
457 369
458 370
459 370
460 369
463 369
464 368
466 368
467 369
468 368
471 368
472 367
482 367
483 366
484 367
485 366
488 366
489 365
492 365
493 364
493 360
494 359
493 358
493 353
492 352
489 352
488 351
4
452 371
450 355
493 350
495 366
63
512 400
512 396
513 395
512 394
512 393
511 392
511 389
510 388
510 386
511 385
511 384
510 383
510 379
509 378
509 377
510 376
509 375
509 371
508 370
508 369
507 368
507 366
508 365
508 364
507 363
507 360
506 359
506 358
507 357
506 356
506 355
505 354
505 351
507 349
512 349
513 348
519 348
521 350
521 359
522 360
522 364
523 365
523 366
524 367
524 369
523 370
523 371
524 372
524 374
525 375
525 376
526 377
526 382
527 383
526 384
526 390
527 391
527 393
528 394
528 395
527 396
528 397
528 400
4
512 402
504 349
522 347
530 400
61
558 400
558 392
557 391
557 387
556 386
556 384
557 383
556 382
556 381
555 380
555 378
556 377
555 376
555 375
554 374
555 373
554 372
554 371
553 370
553 367
554 366
553 365
553 364
552 363
552 358
551 357
551 353
552 352
551 351
551 348
554 345
558 345
559 344
562 344
564 346
564 349
565 350
565 355
566 356
566 357
567 358
567 359
566 360
566 366
567 367
567 373
568 374
568 378
569 379
569 384
570 385
570 388
571 389
571 391
570 392
570 394
571 395
571 396
572 397
572 399
571 400
4
558 402
549 346
565 343
573 400
19
15 343
14 344
10 344
8 346
8 355
9 356
14 356
15 357
16 356
17 357
18 357
19 356
19 352
20 351
20 350
19 349
19 346
17 344
16 344
4
8 357
8 343
20 343
20 357
78
599 338
598 339
595 339
594 340
593 340
593 341
592 342
593 343
592 344
593 345
593 351
594 352
594 353
593 354
593 356
594 357
594 358
595 359
595 363
596 364
596 365
595 366
595 369
596 370
596 372
597 373
596 374
596 375
597 376
597 378
598 379
598 385
599 386
599 387
598 388
598 389
599 390
599 391
600 392
600 397
601 398
601 399
602 399
603 400
604 399
607 399
608 398
610 398
611 399
612 398
613 398
613 394
614 393
613 392
613 391
612 390
612 381
611 380
611 379
610 378
610 373
609 372
609 369
608 368
608 364
609 363
608 362
608 361
607 360
608 359
607 358
607 348
606 347
606 341
605 340
605 338
601 338
600 339
4
600 401
590 339
605 337
615 398
84
642 331
641 332
640 332
639 333
634 333
634 334
633 335
633 338
634 339
634 340
635 341
634 342
634 346
635 347
635 348
636 349
636 351
635 352
635 354
636 355
636 356
637 357
637 365
638 366
637 367
637 369
638 370
638 371
639 372
639 381
640 382
640 383
641 384
640 385
640 390
641 391
641 392
642 393
643 393
644 394
645 394
646 393
651 393
652 392
654 392
654 387
653 386
653 385
654 384
654 382
653 381
653 379
652 378
653 377
653 375
652 374
652 373
651 372
651 371
652 370
652 369
651 368
651 365
650 364
650 361
649 360
649 359
650 358
649 357
649 356
648 355
648 348
649 347
648 346
648 345
647 344
647 343
648 342
648 338
647 337
647 336
646 335
646 332
643 332
4
640 395
632 332
647 330
655 393
93
736 324
735 325
730 325
729 326
728 326
728 329
727 330
728 331
728 333
729 334
729 335
728 336
728 337
729 338
729 340
730 341
730 342
729 343
730 344
730 348
731 349
730 350
731 351
731 352
732 353
732 354
731 355
732 356
732 357
733 358
733 360
734 361
734 366
735 367
735 375
736 376
736 377
737 378
737 379
736 380
736 381
737 382
737 386
739 386
740 387
742 387
743 386
745 386
746 385
747 385
748 386
749 385
750 385
750 384
751 383
751 380
750 379
750 374
749 373
749 371
748 370
749 369
749 368
748 367
748 365
747 364
748 363
747 362
747 361
746 360
746 358
747 357
746 356
746 355
745 354
745 349
744 348
744 347
745 346
745 345
744 344
744 343
743 342
743 335
742 334
742 332
743 331
742 330
742 329
741 328
741 325
740 325
739 324
4
736 388
726 326
742 323
752 385
62
710 316
709 317
704 317
703 318
702 318
701 319
699 319
698 318
697 319
694 319
693 320
685 320
684 321
676 321
675 322
673 322
672 323
669 323
667 325
667 326
668 327
668 329
667 330
667 331
668 332
668 334
669 335
669 336
670 337
672 337
673 336
674 337
675 336
677 336
678 335
679 335
680 336
681 335
683 335
684 334
685 335
686 335
687 334
688 334
689 333
692 333
693 334
694 333
695 333
696 332
704 332
705 331
715 331
716 330
718 330
719 329
721 329
721 328
722 327
722 324
721 323
721 316
4
668 338
666 322
721 314
723 330
77
475 301
474 302
473 302
472 303
469 303
468 302
467 303
465 303
464 304
463 303
462 303
461 304
456 304
455 305
451 305
450 306
448 306
447 307
444 307
443 306
442 307
440 307
439 308
437 308
436 307
434 307
433 308
431 308
430 309
429 308
428 309
425 309
424 310
421 310
420 311
418 311
418 312
417 313
417 318
418 319
418 320
419 321
419 323
421 323
422 324
423 323
424 323
425 322
429 322
430 321
433 321
434 320
436 320
437 321
438 320
439 320
440 319
452 319
453 318
456 318
457 317
460 317
461 316
462 317
463 317
464 316
468 316
469 315
470 315
471 314
475 314
476 313
479 313
479 303
478 302
477 302
476 301
4
418 325
416 310
478 300
481 314
19
0 296
1 297
1 298
2 299
2 303
3 304
3 305
2 306
2 307
1 308
0 308
2 308
2 306
3 305
3 304
2 303
2 299
1 298
1 296
4
3 308
0 308
0 296
3 296
88
211 289
210 290
209 290
208 291
203 291
202 292
200 292
199 291
197 291
196 292
192 292
191 293
190 293
189 294
185 294
184 295
182 295
181 294
180 295
178 295
177 296
176 296
175 295
174 295
173 296
170 296
169 297
168 297
167 298
166 298
165 297
163 297
162 298
160 298
159 299
151 299
150 300
145 300
144 301
143 301
142 302
142 311
143 312
143 313
144 313
145 314
151 314
152 313
153 314
154 314
155 313
157 313
158 312
159 313
160 312
165 312
166 311
167 311
168 312
169 311
171 311
172 310
173 311
175 311
176 310
179 310
180 309
183 309
184 308
190 308
191 307
199 307
200 306
205 306
206 305
207 305
208 306
209 305
213 305
215 303
215 302
216 301
216 297
215 296
215 291
214 290
213 290
212 289
4
143 316
140 300
215 288
217 305
84
565 287
564 288
558 288
557 289
555 289
554 290
553 290
552 289
551 289
550 290
549 290
548 291
547 290
545 290
544 291
543 291
542 292
541 292
540 291
538 291
537 292
535 292
534 293
533 292
532 293
529 293
528 294
523 294
522 295
517 295
516 296
515 296
514 295
513 296
507 296
506 297
501 297
500 298
499 298
498 299
496 299
495 298
494 299
493 299
493 300
492 301
493 302
492 303
492 306
493 307
493 310
495 312
496 312
497 311
499 311
500 310
501 311
505 311
506 310
509 310
510 309
511 309
512 308
519 308
520 307
528 307
529 306
531 306
532 305
538 305
539 304
544 304
545 303
566 303
567 302
568 302
569 301
569 298
570 297
570 296
569 295
569 290
567 288
566 288
4
493 313
491 298
569 286
571 302
179
238 278
237 279
236 279
236 280
235 281
235 286
236 287
236 288
237 289
237 291
238 292
238 293
239 294
239 295
238 296
239 297
239 304
240 305
240 309
241 310
241 312
242 313
242 315
243 316
243 317
242 318
243 319
243 322
242 323
242 325
243 326
243 330
244 331
244 332
243 333
243 334
241 336
239 336
238 337
236 337
235 338
234 338
233 337
232 338
227 338
226 339
223 339
222 340
216 340
215 341
213 341
212 342
211 341
210 342
208 342
207 343
205 343
204 342
203 343
198 343
197 344
195 344
194 345
193 344
190 344
189 345
187 345
186 346
185 346
184 345
183 346
177 346
176 347
174 347
173 348
173 349
172 350
172 351
173 352
173 353
172 354
172 355
173 356
173 359
174 360
174 361
177 361
178 362
179 362
180 361
182 361
183 360
184 360
185 359
192 359
193 358
194 358
195 357
196 357
197 356
198 356
199 357
200 357
201 356
204 356
205 357
206 356
207 356
208 355
210 355
211 356
213 356
214 355
216 355
217 354
219 354
220 353
224 353
225 352
229 352
230 351
238 351
239 350
240 350
241 351
245 351
247 353
247 354
256 354
257 353
262 353
263 352
262 351
262 350
263 349
263 347
264 346
264 343
265 342
264 341
264 340
261 337
261 335
260 334
260 332
261 331
260 330
260 329
259 328
259 327
258 326
258 325
257 324
257 322
258 321
257 320
257 318
256 317
256 313
255 312
255 306
254 305
254 302
253 301
253 299
252 298
253 297
252 296
252 295
251 294
251 286
252 285
252 284
251 283
251 281
250 280
250 279
240 279
239 278
45
249 288
250 296
252 298
252 300
254 320
255 326
259 329
260 338
265 342
260 348
260 352
254 353
248 354
241 348
237 349
219 351
215 355
197 357
193 358
185 358
183 361
175 361
174 347
176 345
184 344
186 344
190 344
194 343
204 342
208 342
212 342
213 339
217 339
221 338
234 337
236 335
242 334
240 315
239 309
238 295
238 295
233 288
234 282
238 279
248 280
220
56 276
55 277
54 277
53 278
53 281
52 282
52 283
53 284
53 285
54 286
54 289
55 290
55 291
54 292
54 293
55 294
55 298
56 299
56 301
57 302
57 309
58 310
58 312
59 313
59 315
58 316
59 317
59 318
60 319
59 320
59 322
60 323
60 324
61 325
61 326
60 327
60 328
61 329
61 333
62 334
62 335
63 336
63 337
62 338
62 340
63 341
63 343
64 344
64 346
65 347
65 350
66 351
66 362
67 363
67 365
68 366
68 367
69 368
69 370
70 371
70 376
71 377
74 377
76 375
76 374
78 372
79 372
80 371
82 373
82 374
83 375
88 375
89 374
90 374
91 375
92 375
93 374
94 374
95 373
96 374
97 373
100 373
101 372
102 373
103 372
108 372
109 371
110 372
111 372
112 371
113 371
114 370
115 371
118 371
119 370
120 370
121 369
124 369
125 368
133 368
134 367
136 367
137 368
138 367
141 367
142 366
143 366
144 367
151 367
152 366
155 366
155 365
156 364
156 362
155 361
155 358
156 357
156 356
155 355
155 352
153 350
152 350
151 351
149 351
148 350
147 351
145 351
144 352
143 351
142 351
141 352
139 352
138 353
137 352
136 352
135 353
132 353
131 354
130 354
129 353
128 354
127 354
126 355
121 355
120 356
119 355
117 355
116 356
112 356
111 357
106 357
105 358
104 358
103 359
101 359
100 358
99 359
97 359
96 360
95 360
94 359
93 360
90 360
89 361
88 360
87 361
84 361
81 358
81 353
80 352
81 351
81 350
80 349
80 347
79 346
79 344
78 343
78 341
77 340
77 337
76 336
76 332
75 331
75 330
76 329
75 328
75 327
74 326
75 325
74 324
74 323
73 322
73 315
72 314
72 308
71 307
71 305
72 304
72 303
71 302
72 301
72 300
71 299
71 298
70 297
70 296
69 295
69 293
70 292
69 291
69 289
68 288
68 285
67 284
67 282
66 281
66 276
62 276
61 277
60 276
53
59 279
67 277
67 279
70 291
70 295
71 299
72 307
75 321
76 329
76 331
78 340
80 347
81 357
86 360
91 359
95 359
97 358
101 358
103 357
114 355
118 355
128 353
130 352
134 352
140 351
142 352
146 352
150 351
150 351
155 356
155 366
126 365
120 373
113 368
111 370
99 372
91 374
86 375
79 370
76 374
70 375
67 360
65 348
64 339
63 335
62 327
60 319
58 318
60 315
55 292
55 290
54 284
54 282
77
662 271
661 272
656 272
655 273
652 273
651 274
650 274
649 273
648 274
647 274
646 275
643 275
642 274
641 275
637 275
636 276
632 276
631 277
629 277
628 278
626 278
625 277
624 278
623 278
622 279
621 279
620 278
619 279
614 279
613 280
612 280
612 281
611 282
611 287
612 288
611 289
612 290
612 291
613 292
617 292
618 291
620 291
621 292
622 292
623 291
624 291
625 290
631 290
632 289
633 289
634 288
640 288
641 289
642 288
644 288
645 287
647 287
648 286
649 287
650 286
652 286
653 285
654 285
655 286
656 286
657 285
661 285
662 284
668 284
669 283
672 283
672 282
673 281
673 275
672 274
672 272
671 271
4
612 294
609 280
672 269
674 283
175
360 268
359 269
354 269
353 270
352 270
352 271
351 272
352 273
352 275
351 276
352 277
352 279
353 280
353 281
354 282
354 283
357 283
358 284
358 285
359 286
359 295
360 296
360 297
361 298
361 299
362 300
362 303
363 304
362 305
362 310
363 311
363 314
364 315
364 316
362 318
361 318
360 319
358 319
357 320
354 320
353 321
350 321
349 322
348 322
347 321
346 321
345 320
345 319
346 318
346 317
345 316
345 314
344 313
344 309
342 309
341 308
340 309
337 309
336 310
334 310
331 313
328 313
327 314
324 314
323 315
320 312
320 311
318 309
317 309
316 308
315 309
309 309
308 310
306 310
305 311
304 311
304 312
303 313
303 317
301 319
298 319
297 320
293 320
291 318
288 318
287 319
285 319
284 320
284 322
285 323
285 326
286 327
285 328
285 330
284 331
285 332
292 332
293 333
294 332
296 332
297 331
304 331
305 330
307 330
308 329
320 329
321 328
322 328
323 327
324 327
325 326
326 327
327 327
328 326
331 326
332 325
336 325
337 324
339 324
340 325
341 325
342 326
342 334
343 335
343 336
344 337
347 337
348 336
349 337
353 337
354 336
356 336
357 335
359 335
359 334
361 332
362 333
365 333
366 332
374 332
375 331
376 331
377 330
378 330
379 329
379 319
378 318
378 310
377 309
377 308
376 307
376 303
377 302
376 301
376 299
375 298
375 293
374 292
374 290
373 289
373 284
372 283
372 282
373 281
373 279
372 278
372 277
371 276
371 275
372 274
372 273
371 272
371 269
370 269
369 268
48
375 292
377 304
375 307
376 309
379 329
372 331
358 333
356 335
352 336
346 337
343 334
341 324
339 323
327 325
325 325
319 326
307 328
291 331
287 328
286 324
284 322
285 320
301 317
303 317
305 315
308 311
316 309
323 313
334 311
336 310
342 309
343 310
344 315
345 317
345 321
359 319
362 314
361 309
360 303
359 295
357 285
355 284
353 284
351 276
349 275
354 268
359 271
368 269
69
111 267
110 268
105 268
104 269
102 269
101 270
100 269
98 271
99 272
99 274
98 275
98 277
99 278
99 279
100 280
100 281
99 282
99 283
100 284
100 287
101 288
101 289
102 290
102 291
101 292
101 293
102 294
102 297
103 298
103 299
102 300
102 301
103 302
103 304
104 305
104 306
105 307
105 308
107 308
108 309
109 308
111 308
112 307
118 307
119 308
120 307
120 306
121 305
121 304
122 303
121 302
121 300
120 299
120 297
119 296
119 295
118 294
118 293
116 291
116 279
115 278
115 277
116 276
116 275
115 274
115 273
114 272
114 268
113 267
4
104 311
95 270
114 266
123 307
20
0 292
1 292
2 291
2 289
1 288
2 287
2 284
1 283
1 279
2 278
2 277
1 276
1 274
0 273
1 272
1 270
0 269
0 268
1 267
1 266
4
0 292
0 266
2 266
2 292
32
487 259
486 260
480 260
479 261
476 261
475 262
475 263
474 264
474 271
475 272
475 275
476 276
476 277
475 278
475 280
476 281
476 282
477 283
488 283
489 282
490 282
490 281
491 280
490 279
490 278
491 277
490 276
490 267
491 266
490 265
490 261
488 259
4
474 283
474 259
491 259
491 283
53
128 231
127 232
125 232
125 235
124 236
124 237
125 238
125 239
124 240
125 241
125 243
126 244
125 245
125 246
126 247
126 248
127 249
127 250
128 251
128 252
129 253
129 255
130 256
129 257
130 258
130 262
131 263
135 263
136 264
138 264
139 263
139 262
140 261
140 258
137 255
137 253
138 252
138 251
139 250
138 249
138 248
137 247
137 241
136 240
137 239
137 238
136 237
136 236
137 235
137 234
136 233
136 232
135 231
4
127 265
123 232
136 230
141 264
82
407 230
406 231
404 231
403 232
403 234
402 235
402 237
403 238
403 245
404 246
404 248
405 249
405 253
406 254
405 255
405 256
406 257
406 258
407 259
407 263
408 264
408 267
409 268
409 270
410 271
410 272
409 273
409 275
410 276
410 278
411 279
411 281
410 282
411 283
411 287
412 288
412 291
414 293
420 293
421 292
422 292
424 290
424 289
425 288
425 287
426 286
426 285
425 284
425 282
424 281
425 280
424 279
424 278
423 277
423 273
422 272
422 265
421 264
421 263
420 262
421 261
420 260
420 258
419 257
420 256
420 255
419 254
419 253
418 252
419 251
419 249
418 248
418 247
417 246
417 243
416 242
416 236
415 235
415 233
416 232
415 231
415 230
4
412 294
400 231
415 228
427 292
60
57 230
56 231
49 231
48 232
47 232
46 233
45 233
45 236
46 237
45 238
46 239
45 240
46 241
46 246
47 247
47 252
48 253
48 254
47 255
47 256
48 257
48 261
49 262
49 265
50 266
50 267
53 267
54 268
55 268
56 267
57 267
58 266
59 267
62 267
63 266
65 266
66 265
67 265
68 264
68 263
67 262
68 261
68 258
67 257
67 255
66 254
66 252
65 251
65 249
66 248
66 247
65 246
65 245
64 244
64 243
65 242
65 239
64 238
64 231
63 230
4
49 269
43 232
64 229
69 266
112
791 221
790 222
789 222
788 223
787 223
786 222
784 222
783 223
782 223
781 224
781 225
780 226
780 227
781 228
781 231
782 232
782 239
783 240
783 241
782 242
782 244
783 245
783 250
784 251
784 253
785 254
784 255
784 256
785 257
785 263
786 264
786 265
788 265
789 266
790 266
791 265
796 265
797 264
807 264
808 263
810 263
811 262
812 263
813 262
814 262
815 261
816 262
817 261
820 261
821 260
822 261
823 261
824 260
831 260
832 259
834 259
835 258
836 259
838 259
839 258
840 258
841 257
842 258
843 258
844 257
847 257
848 256
849 256
850 257
853 257
854 256
854 240
853 239
853 236
852 235
851 235
850 234
849 235
848 235
847 236
845 236
844 235
842 235
841 236
840 236
839 237
839 240
837 242
832 242
831 243
825 243
824 244
823 244
822 245
821 244
820 245
817 245
816 246
811 246
810 247
799 247
798 246
798 240
799 239
798 238
798 230
797 229
797 227
796 226
797 225
796 224
796 221
34
787 223
789 223
791 223
797 222
800 247
810 247
819 246
821 245
823 245
835 244
840 237
844 237
850 236
853 238
853 240
855 255
847 255
841 256
839 256
835 257
833 257
821 258
819 259
817 261
813 261
806 262
798 263
788 264
786 263
785 255
785 251
784 244
782 232
782 230
102
576 220
575 221
574 221
573 222
572 222
572 223
571 224
571 225
572 226
572 228
573 229
572 230
572 239
573 240
573 241
574 242
573 243
574 244
574 245
575 246
574 247
574 248
575 249
575 254
576 255
576 257
577 258
577 260
578 261
578 262
577 263
577 266
578 267
578 268
579 269
578 270
578 272
579 273
579 274
580 275
580 276
579 277
579 278
580 279
579 280
580 281
580 282
581 283
581 287
582 288
582 295
583 296
583 297
588 297
589 296
593 296
594 297
596 295
596 291
595 290
595 286
596 285
596 284
595 283
595 279
594 278
594 274
593 273
593 272
592 271
593 270
592 269
592 267
591 266
591 262
590 261
590 260
591 259
591 258
590 257
590 256
591 255
591 254
590 253
590 252
589 251
589 249
588 248
588 244
587 243
587 242
588 241
587 240
587 239
586 238
586 231
585 230
585 224
584 223
584 221
583 221
582 220
4
582 299
569 221
585 218
598 296
81
688 218
687 219
683 219
682 220
681 220
681 221
680 222
680 229
681 230
681 237
682 238
682 239
683 240
683 243
684 244
684 245
683 246
683 249
684 250
684 252
685 253
684 254
684 255
685 256
685 258
686 259
686 261
687 262
687 271
688 272
688 273
689 274
689 275
688 276
688 277
689 278
689 279
693 279
694 280
695 279
701 279
703 277
703 275
702 274
702 272
701 271
702 270
701 269
701 265
700 264
700 263
699 262
700 261
700 260
699 259
699 257
698 256
698 255
697 254
697 249
696 248
696 247
697 246
696 245
696 243
695 242
695 240
696 239
696 237
695 236
695 234
694 233
695 232
694 231
694 223
693 222
693 220
692 219
692 218
690 218
689 219
4
689 281
678 220
693 217
704 279
89
515 211
514 212
511 212
510 213
509 213
509 214
508 215
509 216
509 219
510 220
510 221
511 222
511 225
510 226
510 228
511 229
511 232
512 233
512 234
513 235
512 236
512 240
513 241
513 242
514 243
514 246
515 247
515 249
516 250
516 251
515 252
515 253
516 254
516 262
517 263
517 265
516 266
516 267
517 268
517 269
518 270
518 271
519 272
528 272
529 271
531 271
531 270
532 269
532 266
531 265
531 263
530 262
530 260
529 259
529 257
530 256
529 255
529 254
528 253
528 251
529 250
528 249
528 248
527 247
528 246
528 242
527 241
527 240
526 239
527 238
527 236
526 235
526 234
525 233
525 232
524 231
524 229
523 228
523 227
524 226
524 225
523 224
523 221
524 220
524 219
523 218
523 217
522 216
522 211
4
517 274
507 212
523 210
533 271
36
610 210
609 211
608 211
607 212
605 212
605 217
604 218
604 219
605 220
605 223
629 223
630 224
632 224
633 223
666 223
666 219
667 218
666 217
666 216
667 215
667 214
666 213
666 211
664 211
663 210
632 210
631 211
627 211
626 212
624 212
623 211
619 211
618 210
616 210
615 211
611 211
4
604 224
604 210
667 210
667 224
74
486 207
485 208
482 208
481 209
480 209
479 208
478 208
477 209
475 209
474 210
473 210
472 209
471 210
469 210
468 211
463 211
462 212
457 212
456 213
455 213
454 214
453 213
452 213
451 214
448 214
447 215
442 215
441 216
437 216
436 217
432 217
431 218
430 218
429 219
428 219
428 227
429 228
429 229
430 230
434 230
435 229
438 229
439 228
444 228
445 227
450 227
451 226
452 227
454 227
455 226
456 226
457 225
460 225
461 224
465 224
466 223
467 224
468 224
469 223
471 223
472 222
475 222
476 221
477 221
478 222
479 221
481 221
482 220
487 220
488 219
488 218
489 217
488 216
488 209
4
429 232
426 218
487 206
490 220
48
114 198
113 199
111 199
110 200
101 200
100 201
98 201
97 202
96 202
95 203
88 203
87 204
78 204
77 205
76 205
75 206
72 206
72 207
71 208
71 216
72 217
72 218
75 218
76 219
82 219
83 218
84 219
88 219
89 218
91 218
92 217
94 217
95 216
101 216
102 215
112 215
113 214
115 214
115 213
116 212
116 211
117 210
117 204
116 203
116 202
117 201
117 200
115 198
4
72 222
69 205
117 197
119 214
5
571 199
566 199
565 198
566 197
571 197
4
565 199
565 197
571 197
571 199
30
479 191
478 192
475 192
474 193
473 193
472 194
471 194
470 193
466 193
465 194
464 194
464 199
465 199
466 200
469 200
470 199
473 199
474 200
475 200
476 199
479 199
480 198
481 198
482 197
482 195
483 194
483 193
482 192
481 192
480 191
4
464 202
463 193
483 190
484 199
89
192 191
191 192
184 192
183 193
182 193
182 194
181 195
182 196
182 197
181 198
182 199
182 203
183 204
183 208
182 209
183 210
183 212
184 213
184 219
185 220
185 222
186 223
186 228
187 229
187 238
188 239
188 240
189 241
189 245
190 246
189 247
190 248
190 249
191 250
191 256
192 257
192 259
191 260
192 261
192 263
193 264
193 265
200 265
201 264
205 264
206 263
206 255
205 254
205 253
206 252
205 251
205 249
204 248
204 244
205 243
204 242
204 241
203 240
203 237
204 236
204 235
203 234
203 233
202 232
202 228
201 227
201 223
200 222
200 220
201 219
200 218
200 217
199 216
199 211
198 210
198 208
197 207
197 205
198 204
197 203
197 201
196 200
196 198
197 197
196 196
196 194
195 193
195 192
194 191
4
192 266
179 193
196 190
209 263
91
244 185
243 186
241 186
240 187
239 187
238 186
237 187
236 187
235 188
235 194
236 195
236 196
235 197
235 202
236 203
236 204
237 205
237 208
238 209
238 214
239 215
238 216
238 217
239 218
239 220
240 221
240 223
239 224
240 225
240 229
241 230
241 234
242 235
242 236
243 237
242 238
242 240
243 241
243 242
244 243
244 244
243 245
243 246
244 247
244 253
245 254
245 255
246 256
255 256
256 255
257 256
258 255
259 255
259 254
260 253
259 252
259 251
258 250
258 248
259 247
258 246
258 244
257 243
257 238
256 237
256 228
255 227
255 224
254 223
254 217
253 216
253 215
252 214
252 207
251 206
251 205
252 204
252 203
251 202
251 201
250 200
250 198
251 197
250 196
250 195
249 194
249 189
248 188
248 186
247 186
246 185
4
244 258
232 187
249 184
261 255
110
297 176
296 177
294 177
293 178
291 178
290 177
289 178
287 178
286 179
286 182
285 183
285 189
286 190
286 192
285 193
286 194
286 195
287 196
287 197
288 198
287 199
288 200
288 201
289 202
289 203
288 204
288 205
289 206
289 208
290 209
289 210
289 212
290 213
290 214
291 215
290 216
290 218
291 219
291 220
292 221
292 223
291 224
291 225
292 226
292 228
293 229
292 230
292 231
293 232
293 234
294 235
294 240
293 241
294 242
294 243
295 244
295 245
297 247
303 247
304 246
305 246
306 247
307 247
308 246
310 246
310 244
311 243
311 240
310 239
310 237
309 236
309 235
308 234
308 232
307 231
307 229
308 228
308 227
307 226
307 225
306 224
306 222
307 221
306 220
306 215
305 214
305 213
304 212
304 211
305 210
305 209
304 208
304 202
303 201
303 200
302 199
303 198
302 197
302 196
301 195
301 192
300 191
300 183
299 182
299 181
300 180
300 179
299 178
299 177
298 177
4
294 249
282 178
299 175
312 246
33
862 188
857 188
856 189
855 189
854 190
851 190
850 191
849 191
848 192
846 190
846 189
845 188
845 187
844 186
844 184
845 183
845 181
844 180
844 178
847 175
848 176
849 176
850 175
852 175
853 174
854 175
855 175
856 174
857 174
858 175
859 175
861 177
862 177
4
844 192
844 174
862 174
862 192
91
335 171
334 172
333 172
332 173
329 173
329 174
328 175
328 181
329 182
329 189
330 190
330 192
331 193
331 194
332 195
332 196
331 197
331 198
332 199
332 202
333 203
333 208
334 209
334 210
335 211
334 212
334 214
335 215
335 224
336 225
336 226
337 227
336 228
336 232
337 233
337 234
336 235
336 236
337 237
337 238
338 239
338 240
339 240
340 241
341 241
342 240
345 240
346 241
349 241
350 240
351 240
352 239
353 239
354 238
354 234
353 233
353 231
354 230
353 229
353 228
352 227
352 221
351 220
351 218
350 217
350 213
349 212
349 209
348 208
348 204
349 203
349 202
348 201
348 200
347 199
347 197
348 196
348 195
347 194
347 193
346 192
346 190
347 189
346 188
346 187
345 186
345 176
344 175
344 172
343 172
342 171
4
337 243
327 172
345 170
355 240
71
718 167
717 168
714 168
713 169
712 169
711 170
711 172
710 173
711 174
710 175
710 178
709 179
709 180
710 181
710 185
707 188
705 188
704 189
702 189
701 190
700 190
700 191
699 192
699 197
700 198
700 201
701 202
701 208
702 209
702 212
703 213
703 214
706 217
708 217
709 218
711 218
712 217
716 217
717 216
719 216
719 215
720 214
720 213
719 212
719 210
718 209
718 208
719 207
718 206
718 194
720 192
721 192
722 191
726 191
726 188
727 187
726 186
726 185
725 184
725 181
726 180
725 179
725 177
724 176
724 175
725 174
725 173
724 172
724 171
723 170
723 167
22
725 175
722 176
725 181
724 185
727 190
724 191
722 191
720 192
716 207
719 212
718 214
712 218
708 217
702 209
703 190
703 192
707 189
712 186
710 181
712 171
718 167
720 168
6
853 166
855 166
856 165
860 165
861 164
862 164
4
853 166
853 166
862 164
862 165
30
860 151
859 152
858 152
857 153
856 153
855 154
854 154
853 155
850 155
850 157
851 158
851 160
852 161
852 163
851 164
852 164
852 161
851 160
851 157
850 156
851 155
853 155
854 154
855 154
856 153
857 153
858 152
859 152
860 151
862 151
4
852 164
846 160
856 147
862 151
1
843 151
4
843 151
843 151
843 151
843 151
1
841 151
4
841 151
841 151
841 151
841 151
55
492 150
491 151
489 151
488 152
487 152
487 153
485 155
482 155
481 156
480 155
472 155
471 156
470 156
469 157
466 157
465 158
462 158
461 159
460 159
459 160
459 161
458 162
458 164
459 165
459 167
458 168
458 169
459 170
459 173
461 175
463 175
464 174
466 174
467 175
468 175
469 174
472 174
473 173
475 173
476 172
480 172
481 171
486 171
487 170
490 170
492 168
492 166
493 165
493 164
494 163
494 161
495 160
495 156
494 155
494 152
4
460 177
456 159
493 150
498 168
139
83 149
82 150
81 150
80 151
79 150
78 150
77 151
74 151
73 152
72 151
70 151
69 152
64 152
63 153
60 153
59 154
58 154
57 153
56 153
55 154
53 154
52 155
51 155
50 156
50 162
49 163
46 163
45 162
44 162
43 161
45 159
46 159
47 158
47 157
44 157
43 156
42 157
41 157
40 158
39 158
38 157
37 158
36 158
34 160
34 161
35 162
34 163
34 169
35 170
34 171
34 172
35 173
35 175
36 176
36 177
35 178
35 179
36 180
36 183
37 184
37 189
38 190
38 193
39 194
39 195
38 196
38 197
39 198
39 206
40 207
40 210
41 211
41 216
42 217
42 219
43 220
43 221
46 221
47 220
54 220
55 219
57 219
57 217
56 216
57 215
57 214
58 213
57 212
57 211
58 210
57 209
57 208
56 207
57 206
57 203
56 202
56 201
55 200
55 199
54 198
54 189
53 188
54 187
54 186
53 185
53 184
52 183
52 182
51 181
51 179
52 178
52 177
53 176
52 175
52 174
53 173
53 172
56 169
58 169
59 168
65 168
66 167
69 167
70 166
73 166
74 167
75 166
78 166
79 165
84 165
85 164
86 165
87 164
88 164
88 162
87 161
87 150
85 150
84 149
33
86 165
72 168
68 168
64 169
56 170
52 177
53 178
53 184
54 195
55 201
57 217
43 220
40 204
38 192
36 178
36 175
36 173
34 163
37 159
39 158
45 157
48 159
46 161
50 165
50 159
51 157
58 155
68 154
74 153
76 151
78 152
82 152
84 150
5
855 150
852 150
851 149
852 148
855 148
4
851 150
851 148
855 148
855 150
5
861 146
861 148
862 148
861 147
862 146
4
862 148
861 148
861 146
862 146
92
166 137
165 138
160 138
159 139
151 139
150 140
145 140
144 141
143 141
142 142
141 141
140 141
139 142
136 142
135 143
133 143
132 142
131 143
129 143
128 144
127 144
126 143
125 144
122 144
121 145
120 145
119 144
118 144
117 145
115 145
114 146
104 146
103 147
102 147
101 148
101 149
100 150
100 152
101 153
101 155
102 156
101 157
101 158
102 159
102 160
109 160
110 159
120 159
121 158
122 159
123 158
126 158
127 157
128 158
130 158
131 157
132 157
133 156
137 156
138 155
140 155
141 156
143 156
144 155
145 155
146 154
147 155
150 155
151 154
152 154
153 153
160 153
161 154
162 154
163 153
165 153
166 152
171 152
171 151
172 150
171 149
171 148
172 147
172 145
173 144
173 139
172 138
171 138
170 137
169 138
168 138
167 137
4
101 162
99 146
173 136
175 152
83
769 134
768 135
767 135
766 136
764 136
764 137
763 138
763 139
764 140
764 141
765 142
765 146
766 147
766 153
767 154
767 156
768 157
768 159
767 160
768 161
768 166
769 167
769 171
770 172
770 174
771 175
771 177
772 178
772 181
771 182
772 183
772 189
773 190
773 191
774 192
774 199
775 200
775 201
776 202
776 204
783 204
784 203
788 203
789 202
789 198
788 197
788 192
787 191
787 190
788 189
788 188
787 187
787 184
786 183
786 180
785 179
785 177
786 176
786 175
785 174
785 172
784 171
784 168
783 167
783 159
782 158
782 157
781 156
781 153
780 152
780 148
779 147
779 146
780 145
780 139
779 138
780 137
780 136
778 134
773 134
772 135
771 135
770 134
4
773 206
762 135
779 132
790 203
172
337 128
336 129
335 129
334 130
329 130
328 131
319 131
318 132
317 132
316 133
314 133
313 134
311 134
310 135
296 135
295 136
294 135
293 136
290 136
289 137
287 137
286 138
285 138
284 139
281 139
280 140
279 140
278 139
264 139
263 140
262 140
261 141
260 141
259 142
255 142
254 143
249 143
248 142
247 143
245 143
244 142
243 143
241 143
240 144
239 143
238 144
235 144
234 145
233 145
232 146
216 146
215 147
214 147
213 148
211 148
210 147
209 147
208 148
207 148
206 149
205 149
204 150
202 150
201 151
196 151
195 150
192 150
191 151
189 151
188 150
187 151
182 151
181 152
179 152
178 153
177 153
176 154
174 154
173 155
173 158
172 159
172 160
173 161
173 165
174 166
173 167
173 168
174 169
178 169
179 168
193 168
194 167
196 167
197 166
198 167
199 167
200 166
203 166
204 165
205 165
206 166
207 165
212 165
213 164
214 165
215 164
216 164
217 163
223 163
224 162
225 162
226 161
227 162
229 162
230 161
231 161
232 162
233 161
236 161
237 160
241 160
242 159
248 159
249 158
250 159
251 158
254 158
255 157
261 157
262 156
270 156
271 155
272 156
274 156
275 155
279 155
280 154
282 154
283 153
287 153
288 152
289 153
290 152
293 152
294 151
295 152
296 152
297 151
307 151
308 150
309 151
310 151
311 150
312 150
313 149
318 149
319 150
320 150
321 149
322 149
323 148
324 149
325 149
326 148
334 148
335 147
337 147
339 145
339 133
340 132
339 131
339 130
35
336 147
332 147
320 149
318 149
310 149
308 150
292 152
271 155
268 154
256 156
232 159
230 162
214 164
204 165
198 166
196 167
194 165
176 167
174 154
182 152
200 150
208 149
214 149
216 148
232 146
244 144
253 143
262 141
278 139
292 137
308 135
316 133
332 131
336 131
338 132
67
478 125
477 126
476 126
475 127
473 127
472 128
468 128
467 129
466 128
461 128
460 129
458 129
457 130
456 130
455 131
449 131
448 132
447 132
447 135
446 136
446 137
447 138
447 140
448 141
448 143
447 144
447 146
448 146
449 147
452 147
453 146
454 146
455 145
457 145
458 146
459 146
460 145
463 145
464 144
466 144
467 145
468 144
471 144
472 143
479 143
480 142
483 142
484 141
485 141
486 142
489 142
490 141
491 141
493 139
493 137
492 136
492 133
491 132
491 130
490 129
490 126
489 126
488 125
486 125
485 126
483 126
482 125
4
447 148
445 130
491 123
494 141
7
410 125
408 127
409 128
409 129
411 129
413 127
413 125
4
410 130
408 128
412 124
414 126
103
543 115
542 116
539 116
538 117
534 117
533 118
532 118
532 121
531 122
531 123
532 124
532 128
533 129
532 130
532 131
533 132
533 134
534 135
534 136
533 137
533 138
534 139
534 143
535 144
535 147
536 148
536 151
537 152
536 153
536 154
537 155
537 160
538 161
538 164
539 165
539 168
540 169
539 170
539 171
540 172
540 177
541 178
541 184
542 185
542 189
543 190
543 191
544 192
544 193
551 193
552 192
553 192
554 193
555 192
556 192
556 189
555 188
555 187
556 186
556 185
555 184
555 179
554 178
555 177
555 173
554 172
554 171
553 170
553 169
552 168
552 164
553 163
552 162
552 161
551 160
552 159
551 158
551 152
550 151
551 150
550 149
550 148
549 147
549 144
548 143
548 141
547 140
547 136
546 135
546 134
547 133
546 132
546 131
545 130
545 127
546 126
545 125
545 124
544 123
544 120
545 119
545 116
544 116
4
543 195
529 117
545 115
558 192
132
392 107
391 108
385 108
384 109
383 109
382 110
381 110
380 111
380 114
381 115
381 121
382 122
382 123
383 124
383 129
384 130
384 139
385 140
385 141
386 142
385 143
385 146
386 147
386 148
387 149
386 150
386 152
387 153
387 154
388 155
388 156
387 157
387 158
388 159
388 160
389 161
388 162
388 163
389 164
389 167
390 168
390 169
391 170
390 171
390 173
391 174
391 175
392 176
392 178
393 179
393 184
394 185
394 187
395 188
395 189
394 190
395 191
395 199
396 200
396 201
397 202
397 203
396 204
396 207
397 208
397 209
399 211
400 211
401 210
405 210
406 209
411 209
412 208
412 207
413 206
413 205
412 204
412 203
411 202
411 197
410 196
410 193
409 192
409 191
410 190
410 189
409 188
409 186
408 185
409 184
408 183
408 182
407 181
407 177
406 176
406 172
407 171
406 170
406 169
405 168
405 165
404 164
405 163
404 162
404 159
403 158
403 155
402 154
403 153
403 152
402 151
402 150
401 149
401 143
400 142
400 137
399 136
399 135
400 134
400 133
399 132
399 128
398 127
398 125
397 124
397 121
396 120
397 119
396 118
396 113
395 112
395 107
4
397 212
378 109
395 106
414 208
99
862 120
861 120
860 121
856 121
855 120
846 120
845 121
843 121
842 122
841 122
840 121
839 122
836 122
835 123
829 123
828 124
822 124
821 125
817 125
816 126
811 126
810 127
809 127
808 128
807 127
805 127
803 125
803 122
802 121
802 120
801 119
801 118
800 118
798 116
798 115
797 114
797 113
796 112
796 110
798 108
799 108
800 109
801 109
802 108
803 108
805 110
805 111
807 113
808 112
809 112
810 113
811 112
813 112
814 111
815 111
816 112
817 112
818 111
820 111
821 110
822 111
823 111
824 110
825 110
826 109
831 109
832 108
836 108
837 107
837 106
838 105
838 103
840 101
842 101
843 100
844 101
844 102
845 103
844 104
845 105
845 107
846 108
845 109
845 110
846 111
846 112
847 113
847 115
848 116
848 117
850 117
851 118
852 118
853 117
854 117
859 112
860 112
861 111
862 111
28
864 113
850 116
846 117
845 110
844 104
842 102
840 102
835 109
826 111
824 111
822 111
816 112
814 112
810 113
803 108
799 108
797 111
798 116
801 117
803 119
803 123
808 126
810 126
837 122
838 120
841 121
845 121
858 119
48
668 87
667 88
665 88
664 89
664 90
663 91
664 92
664 93
663 94
663 134
662 135
663 136
663 137
664 138
664 142
663 143
663 178
664 179
671 179
672 180
673 180
674 179
675 179
676 178
676 177
677 176
676 175
676 166
677 165
676 164
676 162
675 161
675 135
676 134
676 133
675 132
675 131
676 130
676 129
677 128
676 127
676 94
677 93
677 91
675 89
673 89
672 88
669 88
4
662 180
662 87
677 87
677 180
142
523 87
522 88
518 88
517 89
515 89
514 90
513 90
512 89
510 89
509 90
504 90
503 91
496 91
495 92
494 92
493 93
492 92
489 92
488 93
486 93
485 94
481 94
480 95
477 95
476 94
475 95
470 95
469 96
463 96
462 97
460 97
459 98
458 98
457 97
456 98
452 98
451 99
448 99
447 100
446 99
445 100
438 100
437 101
433 101
432 102
429 102
428 103
424 103
423 102
422 102
421 103
418 103
417 104
416 103
414 103
413 104
412 104
411 105
409 105
408 106
408 107
407 108
407 112
408 113
408 117
409 118
409 119
410 120
412 120
413 119
414 119
415 118
418 118
419 117
422 117
423 116
430 116
431 115
432 115
433 114
435 114
436 115
437 114
438 114
439 113
440 113
441 114
442 114
443 113
445 113
446 112
450 112
451 113
452 112
456 112
457 111
459 111
460 110
461 111
464 111
465 110
467 110
468 109
471 109
472 108
478 108
479 107
480 108
482 108
483 107
486 107
487 106
488 106
489 105
497 105
498 104
500 104
501 103
502 103
503 104
504 103
505 103
506 102
509 102
510 103
511 103
512 102
515 102
516 101
517 101
518 102
520 102
521 101
523 101
524 100
527 100
527 99
528 98
528 89
527 89
526 88
524 88
37
524 101
518 102
504 103
502 103
500 102
494 103
488 104
478 105
468 107
467 109
460 111
450 112
448 111
442 112
440 112
436 113
432 113
430 116
415 118
413 119
411 119
408 117
407 109
410 105
414 104
428 102
438 101
446 100
476 95
479 96
487 95
492 94
495 96
513 93
513 93
524 91
526 88
178
580 76
579 77
578 77
575 80
574 80
573 81
571 81
570 82
569 82
568 81
567 82
565 82
564 83
561 83
561 84
560 85
560 90
561 91
561 94
562 95
562 96
561 97
561 99
562 100
562 104
563 105
563 109
564 110
566 110
567 111
569 111
570 110
571 110
573 112
573 113
574 114
574 115
573 116
573 117
574 118
574 127
575 128
575 129
576 130
576 133
577 134
577 142
578 143
578 144
579 145
579 146
580 147
580 149
581 150
581 153
580 154
580 155
581 156
581 158
582 159
582 161
583 162
583 167
584 168
584 172
585 173
585 181
586 182
586 183
587 184
587 185
593 185
594 186
595 186
596 185
599 185
599 172
598 171
598 170
597 169
597 168
598 167
598 165
597 164
597 163
596 162
596 158
595 157
595 156
594 155
594 152
593 151
594 150
594 149
593 148
593 146
592 145
593 144
592 143
592 142
591 141
591 135
590 134
590 132
591 131
590 130
590 129
589 128
589 125
588 124
588 122
587 121
588 120
588 119
587 118
587 117
586 116
587 115
587 113
586 112
586 111
585 110
585 109
584 108
584 106
582 104
582 103
581 102
581 101
580 100
581 99
580 98
580 97
579 96
579 93
581 91
584 91
585 92
586 91
588 93
588 94
589 94
590 95
592 95
593 96
594 96
595 95
596 95
597 94
598 95
610 95
611 96
612 96
613 95
642 95
643 94
644 95
648 95
648 94
649 93
649 92
648 91
648 90
649 89
649 86
648 85
648 83
647 83
646 82
590 82
589 81
589 78
588 77
587 77
586 76
584 76
583 77
581 77
43
650 97
644 92
610 94
597 97
594 95
589 96
587 90
585 94
579 95
582 97
584 103
586 115
586 115
590 131
590 131
594 148
594 148
596 166
599 171
599 173
598 185
587 183
583 179
585 161
582 157
582 149
577 142
578 132
575 128
576 116
573 112
567 112
563 107
564 101
564 97
561 93
562 83
572 84
581 77
585 77
589 78
590 80
645 84
139
46 55
44 57
44 64
45 65
45 69
46 70
46 71
47 72
47 73
46 74
46 76
47 77
47 82
48 83
48 85
49 86
48 87
49 88
49 90
50 91
50 94
51 95
51 98
50 99
50 101
51 102
51 117
50 118
50 119
49 120
49 121
47 123
41 123
40 124
39 124
37 122
37 120
36 119
36 110
37 109
37 105
35 103
34 104
30 104
29 105
26 105
25 104
24 105
23 105
22 106
19 106
17 108
18 109
17 110
17 114
18 115
18 116
19 117
18 118
19 119
19 121
20 122
20 124
21 125
20 126
20 128
21 129
20 130
20 131
21 132
21 135
30 135
31 136
32 136
33 135
35 135
36 134
37 135
40 135
41 134
48 134
49 133
50 133
51 132
52 133
53 133
54 132
55 132
56 133
57 132
58 132
59 131
60 131
61 130
62 130
63 129
70 129
71 128
70 127
70 124
71 123
70 122
70 121
69 120
69 118
68 117
68 114
67 113
67 112
66 111
66 110
67 109
66 108
66 104
65 103
66 102
65 101
65 100
64 99
64 92
63 91
63 84
62 83
62 79
61 78
61 76
60 75
60 74
61 73
60 72
60 69
59 68
59 64
58 63
58 62
59 61
58 60
58 56
57 55
32
58 78
61 79
62 85
65 99
65 101
67 108
69 121
71 127
61 129
53 131
51 131
47 132
36 134
34 133
22 135
20 123
17 112
17 110
19 107
34 104
36 104
39 115
40 123
47 122
52 115
48 98
48 86
49 73
45 64
47 56
47 56
56 56
39
12 53
11 54
10 54
8 56
8 63
9 64
9 65
10 66
10 68
11 69
11 70
12 71
12 72
13 73
12 74
13 75
13 77
14 78
14 80
20 80
20 77
21 76
20 75
20 72
19 71
19 65
20 64
20 63
19 62
19 61
18 60
19 59
19 56
18 55
18 54
17 54
16 53
14 53
13 54
4
9 81
7 53
19 52
21 80
101
759 45
758 46
751 46
750 47
749 47
747 49
747 53
748 54
748 56
749 57
748 58
749 59
749 61
750 62
750 63
749 64
750 65
750 66
751 67
750 68
750 71
751 72
751 73
752 74
752 80
753 81
753 87
754 88
754 90
755 91
755 92
756 93
756 95
755 96
755 97
756 98
756 100
757 101
756 102
756 103
757 104
757 106
758 107
758 110
759 111
759 112
758 113
759 114
759 115
760 116
764 116
765 115
767 115
768 116
769 115
772 115
773 114
773 113
774 112
773 111
773 108
772 107
772 106
773 105
772 104
772 103
771 102
771 99
770 98
771 97
771 95
770 94
770 91
769 90
769 88
768 87
769 86
768 85
768 83
767 82
767 79
768 78
768 77
767 76
767 75
766 74
766 72
764 70
764 60
765 59
764 58
764 57
763 56
763 53
762 52
763 51
762 50
762 49
761 48
761 46
760 45
4
758 118
746 47
762 44
775 115
150
520 37
519 38
518 38
517 39
515 39
514 38
513 39
512 39
511 40
501 40
500 41
493 41
492 42
491 42
490 43
479 43
478 44
473 44
472 45
465 45
464 46
463 46
462 47
461 47
460 46
459 47
454 47
453 48
451 48
450 49
449 48
447 48
446 49
444 49
443 50
442 50
441 49
440 50
433 50
432 51
431 51
430 52
429 52
428 51
426 51
425 52
421 52
420 53
419 53
418 54
417 54
416 53
415 54
411 54
410 55
401 55
400 56
394 56
393 57
390 57
389 58
388 58
388 60
387 61
387 63
388 64
388 67
389 68
389 69
390 70
394 70
395 69
396 69
397 68
404 68
405 67
415 67
416 66
417 66
418 65
419 66
421 66
422 65
424 65
425 64
434 64
435 63
436 64
437 63
441 63
442 62
444 62
445 61
446 61
447 62
448 62
449 61
450 61
451 60
452 61
453 61
454 60
462 60
463 59
464 59
465 58
466 58
467 57
469 57
470 58
472 58
473 57
474 58
475 58
476 57
479 57
480 56
482 56
483 55
484 56
485 55
495 55
496 54
499 54
500 53
501 53
502 54
503 53
505 53
506 52
508 52
509 51
510 51
511 52
512 52
513 51
519 51
520 50
521 51
523 51
524 50
526 50
526 44
527 43
526 42
526 41
525 40
525 38
523 38
522 37
4
388 71
386 57
526 36
528 50
275
148 37
147 38
143 38
142 39
141 39
136 44
136 46
135 47
135 48
134 49
134 50
135 51
135 52
136 53
137 53
140 56
140 57
144 61
144 65
143 66
144 67
143 68
143 69
141 71
141 72
140 73
140 74
137 77
135 77
134 78
131 78
130 79
129 78
128 78
127 79
126 79
125 80
125 81
124 82
124 84
123 85
123 89
121 91
120 91
119 92
118 91
117 92
108 92
107 91
104 91
103 90
102 90
101 89
99 89
98 88
99 87
100 87
103 84
105 84
109 80
109 78
106 75
106 74
105 73
105 66
106 65
106 64
107 63
107 62
108 61
107 60
107 59
108 58
107 57
107 56
106 55
108 53
109 53
109 51
108 50
106 50
105 49
104 50
103 49
102 50
101 50
100 49
99 49
98 48
96 48
94 46
94 45
92 45
91 44
90 45
89 45
88 46
87 46
87 47
86 48
86 56
87 57
87 62
88 63
88 64
87 65
87 67
88 68
88 74
89 75
89 76
88 77
83 77
82 78
80 76
78 76
77 77
77 78
76 79
77 80
77 82
78 83
78 88
77 89
78 90
78 92
79 93
79 95
78 96
79 97
79 99
78 100
78 101
75 104
75 115
74 116
75 117
75 118
76 119
76 122
77 123
77 124
79 124
81 126
86 126
86 123
87 122
87 117
88 116
88 115
87 114
88 113
87 112
87 111
88 110
88 108
87 107
88 106
87 105
87 104
86 103
86 96
87 95
87 93
88 92
87 91
87 90
90 87
91 88
91 90
94 90
95 91
95 92
93 94
93 95
92 96
92 99
91 100
91 101
92 102
91 103
91 105
92 106
92 107
91 108
91 109
92 110
92 112
93 113
92 114
92 115
93 116
93 118
94 119
94 120
95 121
95 122
98 122
99 121
100 121
101 120
101 119
105 115
107 115
108 114
111 114
112 113
113 113
114 114
115 114
116 113
119 113
120 112
122 112
123 113
124 112
126 112
127 111
128 111
129 112
130 111
133 111
134 110
136 110
137 109
145 109
145 106
146 105
146 95
145 94
144 94
142 92
142 90
140 88
141 87
141 86
143 84
149 84
150 83
151 84
152 83
154 83
155 84
157 84
158 83
159 83
160 82
163 82
167 78
167 76
166 75
166 74
165 73
166 72
165 71
165 70
164 69
164 68
163 67
164 66
164 61
163 60
163 59
162 58
162 53
161 52
161 49
160 48
160 41
158 39
156 39
154 37
153 38
150 38
149 37
73
159 43
161 59
163 61
164 67
165 73
165 75
165 79
162 82
154 83
152 82
142 83
140 85
141 91
143 93
145 108
135 110
127 110
125 111
121 111
119 111
114 112
106 113
101 120
95 120
94 114
94 112
93 106
92 97
96 92
95 90
91 87
89 89
89 91
86 95
88 113
89 125
81 126
77 122
76 112
75 105
80 98
79 92
79 86
78 82
78 79
80 77
82 79
90 78
87 56
87 50
92 43
103 52
105 50
109 53
111 55
107 55
108 63
106 66
107 72
108 80
101 87
108 93
119 91
122 87
122 85
127 79
135 78
144 67
143 61
134 54
134 48
141 39
151 38
50
806 33
805 34
804 34
799 39
799 40
798 41
798 42
799 43
799 44
801 46
801 47
807 53
807 54
808 55
809 55
816 62
816 63
817 64
817 65
819 67
819 68
822 71
822 72
823 73
824 73
828 77
828 78
830 80
830 81
836 81
839 78
840 78
842 76
842 74
843 73
842 72
842 71
841 70
841 69
836 64
836 63
829 56
829 55
824 50
824 49
817 42
817 41
811 35
811 34
810 33
4
833 84
796 41
808 30
845 74
131
292 33
291 34
289 34
288 35
287 34
286 35
285 35
284 36
277 36
276 37
275 37
274 38
273 38
272 37
271 37
270 38
269 38
268 39
267 39
266 38
265 38
264 39
262 39
261 40
258 40
257 41
256 41
255 40
253 40
252 41
249 41
248 42
245 42
244 43
239 43
238 44
232 44
231 45
230 45
230 46
229 47
229 48
230 49
230 50
231 51
231 56
232 57
232 62
233 63
233 71
234 72
234 74
235 75
235 76
236 77
236 79
235 80
235 85
236 86
236 87
237 88
237 89
241 89
242 88
249 88
250 87
252 87
253 86
254 87
255 87
256 86
258 86
259 87
260 87
261 86
262 86
263 85
266 85
267 84
270 84
271 83
274 83
275 82
276 83
278 83
279 82
280 82
281 81
285 81
286 80
287 80
288 79
289 80
290 79
291 80
292 80
293 79
298 79
299 78
302 78
304 76
304 74
303 73
303 69
302 68
302 66
303 65
302 64
302 62
301 61
301 59
300 58
301 57
300 56
300 55
299 54
299 53
300 52
300 51
299 50
299 49
298 48
298 44
297 43
297 41
298 40
298 38
297 37
297 34
295 34
294 33
4
236 91
228 45
297 32
305 79
23
862 67
861 66
861 65
860 64
860 63
859 62
859 61
856 58
856 57
854 55
853 55
848 50
848 49
847 48
847 47
849 45
849 43
850 42
850 41
853 38
854 38
855 37
856 37
4
851 69
845 39
856 37
862 67
47
582 31
581 32
578 32
577 33
576 32
573 32
572 33
571 33
571 34
570 35
570 39
569 40
570 41
570 43
571 44
571 45
574 45
575 46
577 46
578 45
579 46
582 46
583 45
584 45
585 46
586 45
587 45
588 46
591 46
592 47
614 47
615 46
616 46
616 45
617 44
617 41
618 40
618 36
617 35
617 34
616 33
615 33
614 32
589 32
588 33
587 32
583 32
4
618 48
569 46
569 31
618 32
55
781 22
780 23
778 23
777 24
770 24
769 25
764 25
763 26
761 26
760 27
756 27
755 28
754 27
753 28
752 28
752 29
751 30
751 32
752 33
752 38
753 39
753 40
754 41
754 43
757 43
758 42
759 42
760 41
764 41
765 40
769 40
770 41
771 40
773 40
774 39
777 39
778 38
779 38
780 37
781 38
782 37
786 37
787 36
788 36
788 33
789 32
788 31
788 28
787 27
787 26
788 25
788 24
786 22
785 23
782 23
4
753 44
750 27
787 21
790 37
78
693 53
694 54
694 58
693 59
693 62
692 63
693 64
693 65
694 66
694 69
690 73
689 72
683 72
682 73
680 73
677 70
677 68
676 67
676 66
675 65
675 62
676 61
676 60
675 59
675 56
674 55
674 52
673 51
673 47
676 44
677 44
678 43
679 44
680 43
681 43
682 42
683 42
684 41
685 41
687 39
686 38
686 37
685 36
685 26
688 23
689 24
690 23
693 23
694 22
695 22
698 25
698 28
699 29
699 31
698 32
698 33
699 34
698 35
698 39
697 40
697 41
696 42
696 43
695 44
694 44
693 45
693 46
694 47
696 45
697 45
698 44
699 44
701 46
701 47
698 50
696 50
695 51
693 51
25
690 71
692 69
691 61
693 59
692 51
696 50
699 47
697 45
695 48
691 48
698 39
698 35
697 25
695 23
687 24
686 27
684 29
685 37
685 39
680 45
680 45
672 48
675 57
678 65
681 72
35
813 22
811 22
810 23
808 23
805 20
805 19
800 14
799 14
798 13
797 13
794 10
794 6
793 5
794 4
796 4
797 3
799 3
800 2
802 2
803 3
803 4
804 5
804 6
805 7
805 8
807 10
807 11
808 11
811 14
811 15
812 16
812 17
813 18
813 19
814 20
4
806 27
791 6
800 -1
815 20
17
751 0
752 0
755 3
755 2
756 1
757 1
758 2
759 2
759 0
759 1
758 2
757 1
757 0
755 2
754 1
753 1
752 0
4
759 3
751 3
751 0
759 0
29
635 0
635 9
634 10
635 11
635 14
636 15
636 16
635 17
635 20
634 21
635 22
635 27
634 28
635 29
635 30
636 31
636 32
635 33
635 38
636 39
640 39
641 40
647 40
648 39
648 37
649 36
649 33
648 32
648 0
4
634 40
633 0
648 0
649 40
25
555 0
555 3
556 4
556 5
555 6
555 8
556 9
555 10
555 12
556 13
556 14
557 15
557 16
561 16
562 17
565 17
566 16
567 16
568 15
570 15
570 11
569 10
569 8
568 7
568 0
4
570 17
555 17
555 0
570 0
70
378 0
379 1
379 2
380 3
380 4
379 5
379 10
380 11
380 12
381 13
381 14
380 15
381 16
381 17
382 18
382 19
383 20
383 21
384 22
384 24
383 25
383 27
384 28
384 32
385 33
385 34
386 35
386 40
387 41
387 42
386 43
386 46
385 47
385 48
384 49
382 49
381 50
380 50
379 51
378 51
377 52
376 52
375 51
368 51
367 50
367 49
366 48
366 47
365 46
365 44
364 43
364 42
365 41
364 40
364 37
363 36
363 34
364 33
364 32
366 30
369 30
369 16
368 15
369 14
368 13
368 11
367 10
367 7
366 6
366 1
17
367 5
367 7
368 13
371 28
367 29
365 31
366 41
365 43
369 46
377 53
381 49
386 42
383 25
381 23
379 10
378 6
380 3
76
295 0
296 1
296 8
297 9
297 10
296 11
296 12
297 13
297 14
298 15
297 16
298 17
298 18
299 19
304 19
305 18
311 18
312 19
313 18
314 18
315 17
317 17
318 16
320 16
321 15
326 15
326 14
327 13
327 12
328 11
328 10
329 9
329 4
327 2
324 2
323 3
318 3
317 2
316 2
314 0
314 1
315 2
317 2
318 3
323 3
324 2
326 2
329 5
329 9
328 10
328 11
327 12
327 13
325 15
321 15
320 16
317 16
316 17
315 17
314 18
313 18
312 19
311 18
305 18
304 19
300 19
297 16
298 15
297 14
297 13
296 12
296 11
297 10
297 9
296 8
296 1
24
295 11
297 12
298 15
299 16
301 18
314 19
317 14
325 14
326 15
327 6
325 4
318 4
315 1
318 4
325 4
329 3
328 11
325 14
319 15
316 19
300 19
299 10
295 7
295 4
32
213 0
213 2
214 3
214 8
213 9
214 10
214 11
215 12
215 17
216 18
216 22
215 23
215 24
214 25
212 25
211 26
210 26
209 25
202 25
200 23
200 22
199 21
199 17
200 16
200 15
199 14
199 11
198 10
198 9
197 8
197 3
196 2
4
199 28
196 2
214 0
217 25
23
139 0
139 7
140 8
140 13
141 14
141 21
142 22
142 23
143 24
152 24
153 25
154 24
155 24
156 23
156 15
155 14
155 13
156 12
156 11
155 10
155 9
154 8
154 0
4
156 25
139 25
139 0
156 0
24
79 0
80 1
80 13
81 14
81 16
82 17
82 18
83 19
88 19
89 18
91 18
92 17
96 17
98 15
97 14
97 13
96 12
96 11
97 10
97 8
96 7
96 6
95 5
95 0
4
81 20
79 0
97 -1
98 18
33
64 0
64 7
65 8
65 9
66 10
66 11
67 12
67 18
68 19
68 20
65 23
63 23
62 24
54 24
53 25
52 24
52 21
51 20
51 19
50 18
50 17
51 16
51 15
50 14
51 13
51 12
50 11
50 9
49 8
49 6
48 5
48 3
47 2
4
51 26
47 2
65 -1
69 23
75
110 0
110 7
111 8
111 10
112 11
112 12
111 13
113 15
114 14
117 14
119 16
119 18
120 19
120 21
121 22
121 25
120 26
120 27
119 28
117 28
116 29
115 29
114 30
109 30
108 31
101 31
100 32
99 31
98 32
93 32
92 33
85 33
84 34
83 34
82 35
75 35
74 36
73 36
72 37
71 36
69 36
68 37
67 37
66 38
64 38
63 37
62 38
60 38
59 39
50 39
49 40
46 40
45 41
43 41
42 42
41 42
40 41
38 41
36 39
36 36
37 35
36 34
36 31
37 30
37 24
36 23
36 12
37 11
36 10
36 9
35 8
35 4
34 3
34 2
33 1
22
115 15
111 15
111 13
111 11
109 10
108 0
35 3
36 11
38 38
40 40
50 39
60 39
62 36
66 36
68 36
72 36
77 35
79 33
83 33
113 30
118 24
118 24
