500
500
103
14
144 499
144 498
147 495
150 495
151 494
156 494
157 493
161 493
162 494
162 495
163 496
163 497
164 498
164 499
4
144 499
144 493
164 493
164 499
11
0 486
1 486
3 488
3 493
0 496
1 495
2 495
2 494
3 493
3 488
1 486
4
3 496
0 496
0 486
3 486
33
82 476
81 477
80 477
80 478
79 479
79 480
80 481
80 487
81 488
81 491
82 492
92 492
93 491
103 491
104 490
106 490
107 489
108 489
108 484
107 483
107 481
106 480
106 479
105 479
104 478
103 479
99 479
98 480
87 480
85 478
85 477
84 477
83 476
4
79 492
79 476
108 476
108 492
33
58 465
57 466
54 466
53 467
48 467
47 468
46 468
46 469
45 470
45 481
46 482
46 491
47 492
47 494
48 495
48 496
52 496
53 497
61 497
62 496
62 495
63 494
63 486
64 485
64 481
63 480
63 474
62 473
62 471
61 470
61 466
60 466
59 465
4
47 498
44 466
62 465
66 497
38
8 499
9 498
9 496
10 495
10 493
11 492
11 490
12 489
12 488
13 487
13 485
14 484
14 483
15 482
15 481
17 479
17 478
18 477
18 476
19 475
19 474
20 473
20 470
25 465
27 465
29 467
29 470
30 471
30 481
29 482
28 482
27 483
25 483
25 487
26 488
26 494
29 497
29 499
6
28 499
25 485
29 481
26 466
21 473
8 499
40
201 485
201 484
198 481
197 481
196 480
195 481
194 481
192 483
189 483
187 485
188 486
191 486
192 485
193 485
194 486
196 486
197 487
199 487
200 488
207 488
208 487
209 487
210 486
214 486
214 477
215 476
215 471
214 470
214 468
212 466
212 465
211 464
211 463
210 462
209 462
207 460
206 460
205 459
202 459
201 458
6
198 480
202 484
201 459
213 472
213 485
189 486
22
101 458
100 459
99 459
98 460
96 460
95 461
93 461
92 460
91 461
90 461
88 463
89 464
89 465
90 466
90 467
93 467
96 470
99 470
100 469
103 469
103 459
102 459
4
90 472
88 461
103 458
105 469
37
474 499
474 495
473 494
473 491
472 490
472 483
471 482
471 477
470 476
470 474
469 473
469 469
468 468
468 460
467 459
467 455
469 453
470 453
471 452
477 452
479 454
479 459
482 462
482 464
483 465
483 467
482 468
483 469
483 471
484 472
484 476
485 477
485 486
486 487
486 492
487 493
487 499
4
474 501
465 453
481 450
489 499
36
0 429
8 429
11 432
11 435
12 436
12 441
11 442
10 442
8 444
8 457
7 458
7 460
6 461
6 464
5 465
5 469
0 474
1 474
1 473
3 471
4 471
5 470
5 465
6 464
6 461
7 460
7 458
8 457
8 445
12 441
12 436
11 435
11 431
10 430
9 430
8 429
6
10 442
1 475
11 437
7 430
0 428
6 429
63
403 426
402 427
398 427
397 428
394 428
393 429
389 429
388 430
382 430
381 431
380 431
378 433
378 437
379 438
379 445
380 446
380 448
381 449
381 454
382 455
382 461
383 462
383 468
384 469
384 473
385 474
385 477
386 478
386 485
387 486
387 487
388 488
395 488
396 487
401 487
402 486
407 486
408 485
411 485
412 484
417 484
417 476
418 475
418 467
417 466
417 465
416 464
416 461
415 460
415 457
414 456
414 442
413 441
413 438
410 435
410 434
409 433
409 430
408 429
408 428
407 427
406 427
405 426
4
387 490
376 431
411 425
421 484
20
335 426
336 427
337 427
339 429
339 431
340 432
340 435
341 436
341 444
340 445
338 445
337 444
334 444
330 440
331 439
331 435
332 434
332 430
333 429
333 427
4
341 446
329 443
333 426
344 428
4
334 424
334 421
336 419
336 416
4
334 424
333 424
336 416
337 416
2
221 412
221 413
4
221 412
221 412
221 413
221 413
6
219 413
219 412
218 411
218 410
219 409
220 410
4
219 413
217 412
218 409
220 409
36
470 406
469 407
464 407
463 408
461 408
459 410
459 416
460 417
460 424
461 425
461 429
462 430
462 434
463 435
463 440
464 441
464 442
465 443
470 443
471 442
479 442
480 441
482 441
482 437
481 436
481 432
480 431
480 429
479 428
479 423
478 422
478 415
477 414
477 407
476 407
475 406
4
463 445
457 408
477 405
483 441
15
0 421
1 421
2 420
5 420
6 419
9 419
10 418
13 418
13 411
12 410
12 403
11 402
10 402
9 403
1 403
4
0 421
0 402
13 402
13 421
47
42 396
41 397
35 397
33 399
33 404
34 405
34 411
35 412
35 417
36 418
36 424
37 425
37 429
38 430
38 436
39 437
39 445
40 446
40 454
41 455
41 456
50 456
51 455
53 455
54 454
55 454
55 451
54 450
54 447
53 446
53 440
52 439
52 433
51 432
51 425
50 424
50 419
49 418
49 414
48 413
48 408
47 407
47 401
46 400
46 397
45 397
44 396
4
40 457
32 397
47 395
56 455
74
85 388
84 389
83 389
82 390
80 390
79 391
71 391
70 390
68 390
67 391
66 391
64 393
63 393
62 394
61 394
61 395
60 396
60 397
59 398
59 400
60 401
60 407
61 408
61 409
63 409
64 408
73 408
74 407
77 407
79 409
79 412
80 413
80 417
81 418
81 421
82 422
82 428
83 429
83 436
84 437
84 440
85 441
85 444
86 445
86 446
92 446
93 445
94 446
96 446
97 445
100 445
100 444
101 443
101 440
100 439
100 432
99 431
99 424
98 423
98 419
97 418
97 413
96 412
96 410
95 409
95 407
94 406
94 404
93 403
93 402
90 399
90 389
89 389
88 388
6
89 390
99 443
86 445
81 409
64 411
62 395
105
129 386
128 387
127 387
124 390
123 390
123 391
122 392
122 394
120 396
120 397
119 398
119 400
120 401
120 402
121 403
121 404
122 405
122 410
123 411
123 412
124 413
124 414
125 415
125 416
126 417
126 422
127 423
127 424
128 425
128 430
129 431
129 434
130 435
130 439
131 440
131 447
132 448
132 451
133 452
133 458
134 459
134 460
135 461
135 465
136 466
136 468
137 469
137 470
138 471
138 473
139 474
139 477
140 478
140 479
141 480
144 480
145 479
152 479
153 478
158 478
159 477
162 477
163 476
163 467
162 466
162 462
161 462
160 461
158 461
157 462
154 462
153 461
153 456
150 453
150 449
149 448
149 436
148 435
148 431
147 430
147 428
146 427
146 424
145 423
145 421
143 419
143 417
142 416
142 414
141 413
141 412
140 411
140 410
139 409
139 405
138 404
138 394
139 393
139 391
138 390
138 389
137 388
133 388
132 387
132 386
9
138 393
147 431
151 453
152 463
160 462
161 475
138 477
120 401
129 387
18
499 395
494 395
493 396
489 396
488 395
487 395
486 394
486 392
485 391
485 387
486 386
486 385
489 382
490 382
491 381
497 381
498 380
499 380
4
485 396
485 380
499 380
499 396
51
181 374
180 375
179 375
178 376
177 376
177 377
176 378
176 380
177 381
177 388
178 389
178 395
179 396
179 400
180 401
180 405
181 406
181 411
182 412
182 418
183 419
183 424
184 425
184 428
185 429
185 432
186 433
186 434
197 434
198 433
198 426
197 425
197 418
196 417
196 413
195 412
195 407
194 406
194 400
193 399
193 394
192 393
193 392
193 386
192 385
192 384
191 383
191 378
190 377
190 375
189 374
4
183 436
175 375
191 373
199 434
100
241 499
241 498
240 497
240 495
239 494
239 490
242 487
242 480
241 479
241 472
240 471
240 466
239 465
239 462
238 461
238 456
237 455
237 450
236 449
236 442
235 441
235 433
234 432
234 427
233 426
233 421
232 420
232 416
231 415
231 410
230 409
230 401
229 400
229 397
228 396
228 389
227 388
227 384
225 382
224 382
222 380
222 379
221 378
221 376
220 375
220 373
223 370
224 370
225 369
231 369
232 368
233 368
236 371
236 374
237 375
237 377
238 378
238 380
239 381
239 385
240 386
240 387
241 388
241 389
242 390
242 392
243 393
243 403
244 404
244 416
245 417
245 421
246 422
246 424
247 425
247 431
248 432
248 434
249 435
249 448
250 449
250 452
251 453
251 454
252 455
252 457
253 458
253 462
254 463
254 469
255 470
255 477
254 478
255 479
255 494
256 495
256 497
255 498
254 498
253 499
6
254 468
236 373
222 375
241 480
241 498
252 499
90
0 350
1 351
1 352
2 353
3 353
4 354
5 354
6 355
11 355
12 356
15 356
16 355
20 355
21 354
23 354
24 353
25 353
26 352
32 352
34 354
34 355
35 356
35 357
36 358
36 362
37 363
37 367
36 368
34 368
33 369
32 369
31 370
30 370
29 371
20 371
19 372
14 372
13 373
11 373
10 374
8 374
7 375
4 375
3 376
2 376
0 378
1 378
4 375
7 375
8 374
10 374
11 373
13 373
14 372
19 372
20 371
29 371
30 370
31 370
32 369
33 369
34 368
36 368
37 367
37 363
36 362
36 358
35 357
35 356
34 355
34 353
33 353
32 352
26 352
25 353
24 353
23 354
21 354
20 355
16 355
15 356
12 356
11 355
6 355
5 354
4 354
3 353
2 353
1 352
1 351
7
2147483396 2147483396
2147483388 2147483388
2147483382 2147483381
2147483388 2147483388
2147483399 2147483399
2147483396 2147483396
2147483401 2147483401
353
301 499
301 494
303 492
307 492
308 491
309 491
309 490
310 489
310 485
309 484
309 481
308 481
307 480
306 480
304 478
304 474
303 473
303 469
302 468
302 465
301 464
301 447
300 446
300 442
299 441
299 439
298 438
298 436
297 435
297 429
296 428
296 417
295 416
295 411
294 410
294 409
293 408
293 405
292 404
292 399
291 398
291 384
290 383
290 377
289 376
289 373
288 372
288 370
287 369
287 368
288 367
288 365
287 364
287 361
289 359
291 359
292 358
298 358
299 357
301 357
302 356
308 356
309 357
311 357
312 356
319 356
320 355
325 355
326 354
327 355
332 355
334 353
338 353
339 352
345 352
346 351
349 351
350 350
359 350
360 349
363 349
364 348
369 348
370 347
371 347
372 348
374 348
375 347
377 347
378 346
379 346
380 345
382 345
383 346
387 346
388 345
390 345
391 344
393 344
395 346
395 350
396 351
396 353
397 354
397 374
398 375
398 381
399 382
399 384
400 385
400 389
401 390
401 395
402 396
402 398
401 399
401 403
400 404
386 404
385 403
385 402
384 401
384 400
383 399
383 390
382 389
382 384
381 383
381 376
380 375
380 370
379 369
379 366
378 365
378 364
377 363
363 363
362 364
353 364
352 365
351 365
350 366
347 366
346 367
344 367
343 368
340 368
339 369
327 369
326 370
324 370
323 371
321 371
320 372
310 372
309 371
306 371
304 373
304 383
305 384
305 385
306 386
306 390
307 391
307 392
308 393
308 395
309 396
309 401
308 402
308 410
309 411
309 416
310 417
310 419
311 420
311 423
312 424
312 425
314 427
314 434
313 435
313 442
314 443
314 448
315 449
315 452
316 453
316 454
317 455
317 456
318 457
318 458
320 460
320 461
321 462
321 463
323 463
324 462
325 462
325 461
328 458
333 458
334 457
341 457
342 458
342 465
343 466
343 475
344 476
344 479
343 480
343 482
342 483
339 483
338 482
336 482
335 481
323 481
322 482
322 489
321 490
322 491
323 491
325 493
325 499
325 492
324 492
323 491
322 491
321 490
322 489
322 482
323 481
335 481
336 482
338 482
339 483
342 483
343 482
343 480
344 479
344 476
343 475
343 466
342 465
342 458
341 457
334 457
333 458
328 458
327 459
326 459
326 460
323 463
322 463
320 461
320 460
319 459
319 458
317 456
317 455
316 454
316 453
315 452
315 449
314 448
314 443
313 442
313 435
314 434
314 427
313 426
313 425
311 423
311 420
310 419
310 417
309 416
309 411
308 410
308 402
309 401
309 396
308 395
308 393
307 392
307 391
306 390
306 386
305 385
305 384
304 383
304 373
306 371
309 371
310 372
320 372
321 371
323 371
324 370
326 370
327 369
339 369
340 368
343 368
344 367
346 367
347 366
350 366
351 365
352 365
353 364
362 364
363 363
377 363
378 364
378 365
379 366
379 369
380 370
380 375
381 376
381 383
382 384
382 389
383 390
383 399
384 400
384 401
385 402
385 403
386 404
400 404
401 403
401 399
402 398
402 396
401 395
401 390
400 389
400 385
399 384
399 382
398 381
398 375
397 374
397 354
396 353
396 351
395 350
395 345
394 344
22
393 345
398 402
383 403
377 364
305 375
322 461
341 459
342 480
325 480
326 497
325 480
341 480
340 459
321 462
306 375
377 363
383 403
397 403
393 348
288 362
310 485
302 498
54
499 340
495 340
494 341
490 341
489 342
484 342
483 343
479 343
478 344
472 344
471 345
470 345
469 346
467 346
465 348
465 349
464 350
464 353
465 354
465 360
466 361
466 367
467 368
467 372
468 373
468 382
469 383
469 388
470 389
470 394
469 395
467 395
466 396
458 396
456 394
456 391
455 390
455 386
454 385
454 379
453 378
453 373
452 372
452 366
451 365
451 361
450 360
450 353
449 352
449 348
448 347
448 344
454 338
455 338
5
455 340
460 395
470 394
463 348
497 342
6
464 336
464 337
462 339
459 339
463 339
464 338
4
460 341
459 339
464 336
465 338
1
464 334
4
464 334
464 334
464 334
464 334
56
153 333
152 334
151 334
149 336
148 336
147 337
146 337
145 338
143 338
142 339
137 339
136 340
133 340
132 341
127 341
126 340
122 340
121 339
120 339
119 338
118 338
117 339
115 339
114 340
113 340
111 342
111 343
110 344
110 351
111 352
111 354
112 355
112 357
113 358
113 359
123 359
124 358
137 358
138 357
139 357
140 356
147 356
148 355
151 355
152 354
157 354
158 353
160 353
161 352
162 352
162 339
161 338
161 335
160 334
159 334
158 333
4
112 362
108 339
161 332
164 354
42
220 330
219 331
215 331
214 332
208 332
207 333
201 333
200 334
194 334
193 335
190 335
189 336
188 336
188 337
187 338
187 339
186 340
186 342
185 343
185 344
186 345
186 346
187 347
187 348
188 349
198 349
199 348
205 348
206 347
211 347
212 346
214 346
215 345
221 345
222 344
224 344
224 341
225 340
225 332
224 331
223 331
222 330
4
186 351
184 336
225 329
227 345
6
457 338
457 337
458 336
459 336
460 335
462 335
4
457 338
456 337
461 334
462 335
30
0 321
3 321
4 320
7 320
8 319
12 319
15 322
15 323
17 325
23 325
24 326
25 326
26 327
26 328
24 330
23 330
22 331
18 331
17 332
13 332
12 331
11 331
10 330
9 330
8 331
7 331
6 332
5 332
3 330
0 330
4
0 332
0 319
26 319
26 332
43
285 304
284 305
283 305
282 306
281 306
280 307
279 307
278 308
273 308
272 309
271 309
271 310
270 311
270 316
271 317
271 324
272 325
272 326
273 326
274 327
275 327
278 330
282 330
283 331
284 331
285 332
294 332
296 330
296 326
295 325
295 323
296 322
296 320
297 319
297 314
298 313
298 309
297 308
297 307
296 307
294 305
293 305
292 304
4
270 332
270 304
298 304
298 332
74
54 304
53 305
50 305
49 306
42 306
40 308
40 316
41 317
41 320
42 321
42 322
43 323
52 323
55 326
55 331
56 332
56 333
58 335
58 342
59 343
59 347
55 351
55 352
53 354
52 354
51 355
50 355
48 357
48 360
49 361
49 362
50 363
50 365
51 366
51 367
53 367
54 366
55 366
56 365
57 365
58 366
61 366
62 365
67 365
68 364
73 364
73 352
72 351
72 350
74 348
75 348
75 346
76 345
76 334
75 333
75 327
74 326
74 324
73 323
73 320
72 319
71 319
70 318
68 318
67 317
67 312
66 311
66 309
65 308
65 305
64 304
58 304
57 305
55 305
7
73 327
53 367
49 355
60 335
44 324
41 309
62 306
45
389 292
387 294
379 294
378 293
377 293
376 294
371 294
370 295
365 295
364 296
359 296
358 297
357 297
357 298
356 299
356 301
357 302
357 307
358 308
358 309
359 310
359 311
370 311
371 310
376 310
377 309
388 309
389 308
392 308
393 307
395 307
396 306
397 306
398 305
398 303
399 302
399 298
398 297
398 296
397 295
397 294
396 294
395 293
393 293
392 292
4
357 312
355 295
398 291
400 308
3
170 287
170 286
169 285
4
170 287
169 285
169 285
170 287
1
373 284
4
373 284
373 284
373 284
373 284
6
376 283
377 284
376 285
375 285
377 285
377 283
4
375 285
375 283
377 283
377 285
2
371 283
371 284
4
371 283
371 283
371 284
371 284
6
350 284
359 284
360 283
362 283
363 284
365 284
4
350 284
350 283
365 283
365 284
7
350 282
352 282
353 281
359 281
360 280
371 280
372 281
4
350 282
350 281
372 279
372 281
31
283 282
283 284
284 285
284 288
283 289
283 290
282 291
281 291
280 292
276 292
275 293
274 293
273 294
272 294
271 295
271 296
270 297
269 297
267 295
267 293
266 292
266 289
265 288
266 287
266 286
270 282
271 282
272 281
276 281
277 280
283 280
4
268 298
262 286
281 276
287 288
57
229 278
228 279
227 279
225 281
225 282
224 283
224 284
223 285
223 287
224 288
224 292
225 293
225 297
226 298
226 301
227 302
227 309
228 310
228 313
229 314
229 315
230 316
230 321
231 322
231 325
232 326
232 331
233 332
233 334
234 335
234 336
235 337
245 337
245 336
246 335
246 331
245 330
245 325
244 324
244 322
243 321
243 307
242 306
242 301
241 300
241 297
240 296
240 294
239 293
239 289
238 288
238 286
237 285
237 280
236 279
235 279
234 278
4
233 339
222 279
238 276
248 336
5
324 277
327 277
328 276
333 276
334 275
4
324 277
324 277
334 275
334 276
33
195 275
194 276
189 276
188 277
187 277
187 278
186 279
186 285
187 286
187 290
188 291
188 299
189 300
189 307
190 308
190 309
192 311
197 311
198 310
202 310
203 309
203 305
202 304
202 299
201 298
201 294
200 293
200 286
199 285
199 280
198 279
198 276
197 275
4
190 312
184 277
198 274
204 310
1
336 274
4
336 274
336 274
336 274
336 274
13
322 277
322 276
323 275
324 275
325 274
326 274
327 273
330 273
331 272
332 273
334 273
335 272
336 272
4
322 277
321 275
335 270
336 272
43
100 270
99 271
97 271
96 272
95 272
95 273
94 274
95 275
95 280
96 281
96 286
97 287
97 288
98 289
98 291
99 292
99 307
100 308
100 309
101 310
101 311
102 311
106 315
115 315
117 313
117 311
118 310
118 303
117 302
117 300
116 299
116 294
115 293
115 289
114 288
114 286
113 285
113 283
108 278
108 277
107 276
107 272
105 270
4
101 317
94 271
113 268
120 314
92
312 268
313 269
313 270
312 271
311 271
310 272
308 272
306 274
306 278
305 279
305 282
306 283
306 285
307 286
307 288
311 292
311 293
313 293
314 292
315 292
315 290
317 288
318 288
319 287
325 287
326 286
328 286
329 285
337 285
338 284
339 284
340 283
347 283
348 284
348 285
347 286
347 289
348 290
348 291
349 292
355 292
357 290
358 290
359 289
362 289
363 288
364 288
364 287
365 286
362 289
359 289
358 290
357 290
356 291
355 291
354 292
350 292
347 289
347 286
348 285
348 283
340 283
339 284
338 284
337 285
329 285
328 286
326 286
325 287
319 287
318 288
317 288
315 290
315 291
313 293
312 293
310 291
310 290
309 290
307 288
307 286
306 285
306 283
305 282
305 279
306 278
306 274
308 272
310 272
311 271
313 271
313 269
9
312 291
346 284
349 292
349 292
347 283
320 287
307 280
313 269
305 280
2
333 265
334 265
4
333 265
333 265
334 265
334 265
5
492 283
492 282
493 281
495 283
494 284
4
494 285
492 283
493 281
495 283
13
333 263
332 263
331 264
330 263
322 263
321 264
315 264
314 265
313 265
312 266
310 266
309 267
309 268
4
309 268
308 265
333 261
333 264
43
167 237
166 238
162 238
161 239
157 239
156 240
155 240
154 241
153 241
153 242
152 243
152 249
153 250
153 257
154 258
154 260
155 261
155 264
156 265
156 266
157 267
157 268
158 269
158 272
159 273
159 274
160 275
160 276
173 276
174 275
175 275
175 274
176 273
176 262
175 261
175 257
174 256
174 252
173 251
173 243
172 242
172 239
170 237
4
156 279
150 240
172 236
178 275
20
0 236
5 236
6 235
12 235
13 236
13 239
14 240
14 247
13 248
10 248
9 249
8 249
7 250
6 250
4 252
5 253
5 255
1 259
1 261
0 262
4
0 262
0 235
14 235
14 262
22
426 247
426 243
425 242
425 241
424 240
424 239
423 238
423 232
425 230
429 230
431 232
431 235
432 236
432 245
430 247
428 247
431 247
432 246
432 236
431 235
431 232
429 230
4
423 247
423 230
432 230
432 247
24
271 227
269 229
269 235
270 236
270 245
271 246
271 247
272 248
272 254
273 255
276 255
277 254
277 251
278 250
278 242
277 241
277 236
275 234
275 233
274 232
274 231
273 230
273 228
272 227
4
271 255
268 227
276 226
279 255
36
0 279
1 279
2 278
7 278
8 277
9 277
9 271
8 270
8 268
7 267
7 265
6 264
9 261
10 261
11 260
16 260
17 259
20 259
21 258
25 258
27 256
27 252
26 251
26 250
25 249
25 244
24 243
24 240
23 239
23 235
22 234
22 230
21 229
21 228
20 228
19 227
4
20 228
25 257
10 277
0 278
106
472 225
471 226
470 226
470 227
468 229
467 229
466 230
461 230
460 231
459 231
459 232
458 233
458 240
459 241
459 245
460 246
460 251
461 252
461 257
462 258
462 263
463 264
463 271
464 272
464 275
465 276
465 282
466 283
466 292
464 294
464 295
463 296
463 297
462 298
460 298
459 299
451 299
450 298
450 295
449 294
449 293
450 292
450 291
451 290
451 281
449 279
446 279
445 280
440 280
439 281
436 281
435 282
434 282
433 283
432 283
432 284
431 285
431 292
432 293
432 299
433 300
433 304
434 305
434 307
435 308
435 309
436 310
450 310
451 309
458 309
459 308
462 308
463 307
472 307
473 306
474 306
475 305
484 305
484 299
483 298
483 294
482 293
482 291
481 290
481 288
480 287
480 283
479 282
479 277
478 276
478 271
477 270
477 261
476 260
476 256
475 255
475 250
474 249
474 244
473 243
473 241
472 240
472 235
475 232
475 226
474 225
10
471 240
482 303
438 310
434 281
450 279
452 298
462 296
465 292
457 233
472 228
2
384 208
384 209
4
384 208
384 208
384 209
384 209
92
0 220
2 220
3 219
5 219
6 218
8 218
9 217
11 217
12 216
19 216
20 215
21 215
22 214
23 214
25 212
28 212
29 211
35 211
36 210
41 210
42 209
43 209
44 208
45 208
46 207
48 207
50 209
50 216
51 217
51 225
49 227
49 228
48 229
48 235
49 236
49 240
50 241
50 243
52 245
55 245
56 246
58 246
60 248
61 248
63 250
63 255
64 256
64 259
65 260
65 264
66 265
66 269
67 270
67 274
63 278
58 278
57 277
56 278
52 278
51 279
50 279
50 280
47 283
45 283
44 284
40 284
35 279
34 279
33 278
32 279
31 279
31 282
30 283
30 284
31 285
31 291
30 292
29 292
28 293
24 293
23 294
20 294
19 295
15 295
14 294
11 294
10 295
8 295
7 296
4 296
3 297
0 297
6
0 297
29 290
44 284
62 250
48 206
2 220
28
392 229
391 229
390 228
390 225
388 223
388 221
386 219
386 216
388 214
388 212
387 211
387 210
386 209
386 208
387 207
387 206
386 206
385 205
386 204
388 204
389 205
389 209
390 210
390 213
391 214
391 222
392 223
392 225
4
387 230
384 204
390 204
393 229
44
296 202
295 203
292 203
291 204
290 204
288 206
288 215
289 216
289 218
290 219
290 223
291 224
291 231
292 232
292 248
293 249
293 258
294 259
294 260
298 260
300 258
308 258
308 255
309 254
309 250
308 249
308 245
307 244
307 238
308 237
308 231
307 230
307 227
306 226
306 220
309 217
309 207
308 206
308 205
307 204
306 204
305 203
298 203
297 202
5
307 209
308 257
294 258
288 206
296 204
8
495 190
495 192
496 193
496 194
497 195
499 195
498 195
495 192
4
498 196
494 191
495 190
499 195
101
366 189
365 190
354 190
353 191
351 191
350 192
349 192
348 193
346 193
345 194
341 194
340 195
339 195
337 197
337 199
338 200
338 201
339 201
341 203
341 206
342 207
342 208
343 209
351 209
354 212
354 215
355 216
355 222
354 223
354 224
351 227
348 227
347 228
342 228
341 229
338 229
337 230
328 230
327 231
325 231
324 232
323 232
323 235
322 236
322 237
321 238
321 240
320 241
320 246
321 247
321 250
322 251
322 252
323 253
329 253
330 252
332 252
333 251
333 250
335 248
337 248
338 247
341 247
342 246
345 246
346 245
349 245
350 244
356 244
357 243
360 243
361 242
365 242
366 241
371 241
372 240
374 240
375 239
375 238
376 237
376 235
375 234
375 230
374 229
374 225
373 224
373 219
372 218
372 216
371 215
371 211
370 210
370 203
369 202
369 198
368 197
368 195
369 194
369 190
368 190
367 189
10
375 238
325 251
322 231
352 226
354 221
353 214
345 211
338 198
354 190
367 191
25
296 186
295 187
289 187
288 188
286 188
285 189
284 189
283 190
283 195
284 196
284 197
286 199
292 199
293 198
306 198
307 197
309 197
310 196
313 196
315 194
315 189
314 189
313 188
304 188
302 186
4
283 200
282 187
315 185
316 197
171
107 176
106 177
97 177
96 178
91 178
90 179
86 179
85 180
83 180
82 181
81 181
81 182
80 183
80 191
81 192
81 196
82 197
82 201
83 202
83 206
84 207
84 212
85 213
85 218
86 219
86 221
87 222
87 225
88 226
88 228
89 229
93 229
95 231
95 233
96 234
96 236
94 238
93 238
93 239
92 240
92 248
93 249
93 251
94 252
94 253
95 254
100 254
101 255
102 255
104 257
104 258
105 259
105 260
106 261
108 261
109 260
110 261
111 261
112 262
112 263
113 264
113 266
114 267
114 268
115 269
115 270
117 272
117 274
118 275
118 277
119 278
119 279
120 280
120 281
121 282
121 284
122 285
122 287
123 288
123 292
124 293
124 296
125 297
125 301
126 302
126 303
127 304
127 307
128 308
128 313
129 314
129 316
130 317
130 319
131 320
131 322
132 323
138 323
139 322
142 322
143 321
147 321
147 311
146 310
146 303
145 302
145 300
144 299
144 297
143 296
143 291
142 290
142 289
141 288
141 283
140 282
140 280
139 279
139 275
138 274
138 273
137 272
137 268
136 268
132 264
132 260
131 259
131 258
130 257
129 257
126 254
126 248
125 247
125 245
124 245
123 244
120 244
119 245
115 245
113 243
113 241
112 240
112 237
110 235
110 233
109 232
109 221
108 220
108 219
107 218
107 216
105 214
105 211
102 208
102 199
101 198
101 194
104 191
107 191
108 190
112 190
113 189
113 188
114 187
114 183
113 182
113 180
112 179
112 177
111 177
110 176
11
112 178
102 196
112 246
126 253
145 319
130 322
113 261
95 250
89 229
80 191
84 181
10
307 168
306 169
305 169
305 170
307 172
311 172
311 170
310 169
309 169
308 168
4
305 172
305 168
311 168
311 172
35
146 162
145 163
144 163
139 168
134 168
133 169
130 169
129 170
128 170
128 171
127 172
127 178
129 180
134 180
136 182
144 182
145 181
146 181
147 180
148 180
150 178
152 178
153 177
154 177
155 176
156 176
156 171
155 170
155 166
154 166
153 165
152 165
150 163
149 163
148 162
4
131 188
124 172
152 159
159 175
29
303 170
303 173
304 174
304 177
303 178
299 178
298 177
297 177
296 176
293 176
292 175
291 175
289 173
288 173
282 167
282 163
283 162
283 161
285 159
287 159
288 160
294 160
295 159
299 163
299 165
300 166
300 167
301 168
303 168
4
298 183
280 165
290 154
309 173
117
199 158
198 159
192 159
191 160
189 160
188 161
185 161
184 160
181 160
180 161
179 161
178 162
177 162
176 163
171 163
170 164
169 164
167 166
167 169
168 170
168 172
169 173
169 174
170 175
170 176
172 178
173 178
174 179
178 179
179 178
183 178
184 179
184 181
185 182
185 186
186 187
186 190
187 191
187 192
189 194
189 199
188 200
188 204
189 205
189 208
190 209
190 211
191 212
191 219
192 220
192 223
193 224
193 225
194 226
194 227
195 228
195 229
196 230
196 237
197 238
197 242
198 243
198 247
197 248
190 248
189 249
187 249
185 251
185 257
186 258
186 261
187 262
187 264
188 265
204 265
205 264
206 264
207 263
211 263
212 262
215 262
217 260
218 260
219 259
220 259
220 258
221 257
221 252
222 251
222 249
221 248
221 247
219 245
219 235
218 234
218 231
217 230
217 221
216 220
216 218
214 216
214 215
212 213
212 211
211 210
211 195
208 192
208 186
207 185
207 179
206 178
206 167
203 164
203 162
201 160
201 159
200 158
9
205 168
209 210
215 260
190 265
186 249
198 247
185 179
167 166
199 161
16
376 143
374 145
374 148
375 149
375 151
376 152
376 153
380 153
380 152
381 151
381 150
382 149
382 146
381 145
381 144
380 143
4
374 153
374 143
382 143
382 153
85
361 142
360 143
358 143
357 144
352 144
351 145
347 145
346 144
344 144
343 145
339 145
338 146
335 146
334 147
330 147
329 148
324 148
323 149
321 149
320 148
314 148
313 149
312 149
310 151
310 154
311 155
311 159
312 160
312 163
313 164
313 165
320 165
321 164
322 164
325 167
325 174
326 175
326 178
327 179
327 188
328 189
328 190
329 191
336 191
337 190
340 190
341 189
344 189
345 188
349 188
350 187
352 187
353 186
357 186
358 185
359 185
360 184
361 184
361 182
362 181
364 181
364 180
365 179
365 178
368 175
368 166
367 165
367 164
366 163
364 163
363 162
363 161
366 158
367 158
368 157
368 154
367 153
367 152
368 151
368 149
367 148
367 144
366 143
365 143
364 142
8
367 159
362 161
366 174
363 180
331 188
327 165
311 153
364 144
108
499 209
498 209
497 210
493 210
492 211
489 211
488 212
482 212
481 213
477 213
476 214
473 214
472 215
464 215
463 216
460 216
459 217
452 217
451 216
451 214
450 213
450 209
449 208
449 207
451 205
451 197
450 196
450 184
449 183
449 179
448 178
448 177
447 176
447 169
446 168
446 162
445 161
445 159
444 158
444 152
443 151
443 147
442 146
442 142
441 141
443 139
445 139
446 138
448 138
449 137
450 137
451 138
453 138
455 140
455 141
456 142
456 145
457 146
457 152
458 153
458 159
459 160
459 161
460 162
460 167
461 168
461 178
462 179
462 181
463 182
463 184
464 185
464 195
465 196
465 199
466 200
474 200
475 199
478 199
479 198
482 198
482 194
483 193
483 190
481 188
481 187
480 186
480 185
479 184
479 183
478 182
478 173
477 172
477 169
476 168
479 165
482 165
483 164
484 164
486 166
489 166
491 168
491 170
492 171
492 176
493 177
493 189
492 190
10
491 188
490 169
475 170
480 197
466 199
457 142
452 138
444 139
453 214
497 208
14
242 134
241 135
241 136
242 137
242 139
245 142
249 142
250 141
252 141
252 137
248 137
246 135
245 135
244 134
4
241 142
241 134
252 134
252 142
48
499 151
498 152
496 152
495 153
492 153
491 154
490 154
489 155
487 155
486 154
480 154
479 155
475 155
474 156
473 156
472 157
468 157
466 155
466 150
465 149
465 145
464 144
464 140
467 137
471 137
472 136
478 136
479 135
484 135
485 134
490 134
491 133
493 135
493 138
494 139
494 142
495 143
495 144
496 144
499 147
498 146
498 145
497 145
494 142
494 139
493 138
493 134
492 134
4
466 159
463 137
497 132
500 153
74
0 172
3 172
4 171
9 171
10 170
16 170
17 169
19 169
20 168
29 168
30 167
30 159
29 158
29 156
28 155
28 152
27 151
27 149
28 148
28 141
27 140
27 139
23 135
22 135
17 130
17 127
16 126
16 123
19 120
23 120
24 119
31 119
32 120
34 120
36 122
36 123
37 124
37 125
39 127
39 131
40 132
40 134
43 137
43 142
44 143
44 146
45 147
45 157
46 158
46 169
47 170
47 172
44 175
44 176
45 177
45 178
44 179
43 179
41 181
40 181
39 182
38 182
37 183
35 183
34 184
31 184
30 185
23 185
22 186
18 186
17 187
14 187
13 188
0 188
9
30 184
46 179
35 120
15 124
16 132
28 141
31 167
-1 171
1 187
33
110 116
110 111
112 109
113 109
114 108
119 108
120 107
121 107
125 103
128 103
129 102
135 102
136 101
137 102
138 102
139 103
149 103
150 104
150 109
149 110
149 111
148 112
148 113
147 114
144 114
143 113
130 113
129 114
122 114
121 115
118 115
117 116
112 116
4
110 116
109 103
150 100
151 114
171
176 95
173 98
172 98
171 99
170 99
169 100
169 101
168 102
168 105
169 105
170 106
178 106
179 107
179 108
180 109
180 110
181 111
181 121
179 123
177 123
176 124
169 124
168 125
163 125
162 126
156 126
155 127
153 127
152 128
147 128
145 126
145 124
144 124
143 123
140 123
139 124
135 124
134 125
128 125
127 126
126 126
125 127
124 127
124 128
123 129
123 130
121 132
116 132
115 133
112 133
111 134
105 134
104 135
100 135
99 136
89 136
88 135
88 134
86 132
86 131
85 130
85 122
86 121
86 119
85 118
85 113
84 112
83 113
82 113
81 114
80 114
79 115
78 115
77 116
75 116
74 117
72 117
70 119
70 120
69 121
70 122
70 124
71 125
71 129
72 130
72 133
73 134
73 136
75 138
81 138
82 139
82 140
83 141
83 144
84 145
84 148
85 149
85 150
86 151
87 151
88 152
94 152
95 151
97 151
98 150
101 150
102 151
104 151
105 150
108 150
109 149
110 149
111 148
118 148
119 147
121 147
122 146
123 146
124 145
125 145
126 144
127 144
130 141
132 141
133 140
134 140
135 139
137 139
138 138
139 138
140 139
147 139
148 140
150 140
151 141
154 141
155 142
158 142
159 141
161 141
162 140
164 140
165 139
167 139
168 140
170 140
171 139
173 139
174 138
175 138
176 137
184 137
185 136
186 136
187 135
188 135
188 122
189 121
194 121
195 120
195 114
194 113
194 105
195 104
195 100
193 98
184 98
183 97
179 97
178 96
177 96
16
194 120
185 134
157 140
104 151
82 139
75 135
86 114
91 137
123 130
139 124
146 127
177 108
167 106
167 102
175 97
193 101
66
332 86
331 87
327 87
326 88
323 88
322 89
320 89
318 91
318 96
319 97
319 99
320 100
320 101
321 102
321 104
322 105
322 112
323 113
323 119
324 120
324 123
325 124
325 129
324 130
323 130
321 132
321 133
322 134
322 136
321 137
322 138
322 139
323 140
325 140
326 139
326 138
329 135
333 135
335 137
345 137
347 135
347 134
348 133
348 128
347 127
347 126
345 124
345 123
344 122
344 120
343 119
343 116
342 115
342 112
341 111
341 109
340 108
340 102
339 101
339 99
340 98
340 89
339 88
339 87
338 87
337 86
5
348 130
330 135
327 123
318 91
336 87
30
438 78
437 79
435 79
434 80
433 80
432 81
431 81
430 82
430 83
429 84
428 84
427 85
425 85
423 87
423 91
424 92
424 93
427 96
444 96
445 95
447 95
448 94
448 91
447 90
447 87
446 86
446 81
444 79
443 79
442 78
4
423 96
423 78
448 78
448 96
45
249 74
248 75
243 75
242 76
240 76
237 79
237 80
236 81
236 82
235 83
235 84
234 85
234 90
235 91
235 93
236 94
236 95
238 95
239 96
240 96
242 98
242 99
245 102
250 102
251 101
253 101
254 100
254 96
253 95
253 91
252 90
252 88
253 87
253 86
255 84
255 83
256 82
256 81
257 80
257 78
256 77
256 76
255 75
252 75
251 74
4
254 103
232 100
236 72
258 75
12
0 83
4 83
5 82
7 82
8 81
14 81
14 77
13 76
13 74
12 73
12 68
14 66
4
8 89
0 83
14 66
21 72
142
352 56
351 57
349 57
348 58
340 58
339 59
336 59
335 60
328 60
327 61
324 61
323 62
320 62
319 61
316 61
315 62
314 62
313 63
312 63
311 64
306 64
305 65
301 65
300 66
295 66
294 67
289 67
288 68
283 68
282 69
278 69
277 70
271 70
270 71
269 71
267 73
268 74
268 77
269 78
269 83
270 84
270 88
269 89
269 91
270 92
270 94
271 95
271 96
272 97
272 101
273 102
273 109
274 110
274 112
276 114
281 114
282 113
283 113
284 112
287 112
288 113
291 113
292 112
294 112
295 111
296 111
297 110
305 110
306 109
306 102
305 101
305 99
304 98
304 93
303 92
303 86
302 85
306 81
319 81
322 78
323 78
324 77
330 77
331 76
337 76
338 75
340 75
341 76
343 76
344 77
345 77
347 79
347 86
348 87
348 90
349 91
349 92
350 93
350 95
351 96
351 106
352 107
352 115
353 116
353 121
354 122
355 122
356 123
360 123
361 124
363 124
364 123
365 123
367 121
367 120
368 119
368 109
367 108
367 104
366 103
366 101
367 100
367 98
366 97
366 95
368 93
368 84
367 84
364 81
364 74
363 73
363 71
360 68
360 61
359 60
359 59
358 59
357 58
356 58
355 57
354 57
353 56
10
366 85
365 121
351 121
345 79
304 84
308 108
276 112
269 72
352 57
358 61
17
0 56
1 57
1 58
2 59
3 59
4 60
6 60
7 61
10 61
12 63
12 64
14 64
13 64
10 61
7 61
6 60
4 60
4
14 65
-1 58
0 56
14 63
53
0 47
1 47
2 46
5 46
6 45
13 45
14 44
19 44
20 43
23 43
25 45
25 47
26 48
26 49
27 50
27 57
26 58
26 61
25 62
22 62
21 63
19 63
18 64
19 65
20 65
21 66
22 66
24 68
24 70
25 71
26 71
27 72
28 72
30 74
30 76
31 77
31 78
32 79
32 86
33 87
33 88
34 89
34 94
33 95
22 95
21 96
9 96
8 97
7 97
6 98
4 98
3 99
0 99
6
1 98
31 93
28 73
26 63
23 45
0 49
41
292 28
291 29
290 29
289 30
288 30
287 31
285 31
284 32
278 32
277 33
262 33
261 34
260 34
258 36
258 41
259 42
259 47
260 48
260 50
261 51
261 52
265 52
267 50
271 50
272 49
275 49
276 48
283 48
284 47
291 47
292 46
294 46
295 45
302 45
302 38
301 37
301 34
300 33
300 30
299 29
299 28
4
260 53
257 34
300 27
303 46
1
315 17
4
315 17
315 17
315 17
315 17
1
317 15
4
317 15
317 15
317 15
317 15
4
313 16
313 14
314 13
315 14
4
313 16
312 15
314 13
315 14
5
308 14
308 13
309 12
310 13
311 13
4
308 14
308 12
311 11
311 13
2
0 10
0 11
4
0 10
0 10
0 11
0 11
19
0 25
0 31
1 32
1 33
2 34
10 34
11 33
13 33
14 32
16 32
17 31
21 31
21 26
20 25
20 22
19 21
19 13
18 12
18 9
4
1 35
-3 12
18 9
22 32
16
297 8
295 10
295 12
296 13
296 16
297 17
297 19
298 20
303 20
303 18
304 17
304 14
303 13
303 9
302 9
301 8
4
295 20
295 8
304 8
304 20
29
98 5
97 6
92 6
91 7
90 7
89 8
88 8
87 9
87 10
86 11
86 15
87 15
90 18
90 19
94 19
95 18
96 18
97 19
99 19
100 18
101 18
102 17
104 17
105 16
106 16
106 8
105 7
105 6
104 5
4
86 19
86 5
106 5
106 19
6
470 0
465 0
464 1
460 1
459 2
455 2
4
455 3
455 2
470 -1
470 0
6
441 0
437 0
436 1
431 1
430 2
429 2
4
429 2
429 1
441 -1
441 0
43
499 9
494 9
493 10
489 10
488 11
484 11
483 12
482 12
480 14
476 14
475 15
471 15
470 16
462 16
461 17
455 17
454 16
452 16
451 15
445 15
444 16
430 16
429 15
426 15
425 14
423 14
422 15
417 15
416 16
411 16
410 17
408 17
407 18
406 18
404 20
402 18
402 10
401 9
401 8
400 7
400 3
399 2
398 2
4
400 4
404 20
459 15
497 10
34
344 0
344 5
343 6
343 8
344 9
344 12
345 13
345 14
348 17
348 25
349 26
349 31
348 32
348 36
347 37
343 37
342 38
339 38
338 39
337 39
334 36
334 34
333 33
333 29
332 28
332 23
331 22
331 13
330 12
330 8
329 7
329 4
328 3
328 1
4
334 40
328 1
345 -2
351 37
39
220 0
220 1
221 2
221 4
222 5
222 6
223 7
223 8
225 10
225 12
226 13
226 17
227 18
227 27
228 28
228 29
230 31
230 39
232 41
234 41
235 40
237 40
238 39
250 39
252 37
252 23
251 22
247 22
246 21
245 21
243 19
243 17
241 15
241 12
239 10
239 9
238 8
238 1
237 0
5
236 4
252 23
250 39
230 39
221 0
140
192 0
192 6
193 7
193 16
194 17
194 23
195 24
195 32
194 33
195 34
195 36
196 37
196 39
197 40
197 45
198 46
198 47
199 48
199 59
197 61
195 61
194 62
182 62
181 63
177 63
176 64
172 64
171 65
168 65
167 66
158 66
157 67
151 67
150 68
145 68
144 69
143 69
142 70
141 70
139 72
138 72
137 73
134 73
133 74
124 74
123 75
119 75
118 76
116 76
115 77
107 77
106 78
102 78
101 79
98 79
97 80
87 80
86 79
85 79
84 78
80 78
79 79
77 79
76 80
75 80
74 81
70 81
69 82
62 82
60 80
60 78
58 76
58 59
60 57
64 57
65 56
65 54
69 50
75 50
77 52
77 54
78 55
78 56
79 57
79 64
80 65
87 65
88 64
91 64
92 63
97 63
98 62
104 62
105 61
110 61
111 60
116 60
117 59
122 59
123 58
129 58
130 57
136 57
137 56
138 56
139 55
140 55
142 53
146 53
147 52
152 52
153 51
158 51
159 50
165 50
166 49
170 49
171 48
172 48
175 51
179 51
179 44
182 41
182 39
184 37
184 35
183 35
182 34
181 34
180 33
180 32
179 31
179 28
178 27
178 17
177 16
177 13
176 12
176 8
175 7
11
174 8
177 34
178 50
171 50
79 52
70 52
59 60
62 80
197 61
197 47
191 1
32
141 0
141 7
142 8
142 19
143 20
143 25
144 26
144 28
145 29
145 38
144 39
142 39
141 40
139 40
138 41
123 41
121 39
121 38
120 37
120 32
119 31
119 26
118 25
118 19
117 18
117 13
116 12
116 9
115 8
115 3
114 2
114 1
4
120 44
114 1
141 -3
146 40
34
71 0
71 5
69 7
68 7
68 8
67 9
67 12
66 13
64 13
62 15
62 17
63 18
63 19
64 20
64 21
65 22
68 22
70 20
70 18
68 18
68 21
67 22
65 22
64 21
64 20
63 19
63 18
62 17
62 15
64 13
67 13
67 9
70 6
71 6
4
70 22
62 22
63 -1
71 0
57
43 0
43 10
44 11
44 18
45 19
45 23
46 24
46 25
47 26
47 28
48 29
48 30
49 31
49 32
52 32
56 36
58 36
59 37
62 37
63 38
64 38
65 39
68 39
69 38
73 38
74 37
74 23
73 22
71 22
72 22
74 24
74 37
73 38
69 38
68 39
65 39
64 38
63 38
62 37
59 37
58 36
57 36
54 33
53 33
52 32
50 32
48 30
48 29
47 28
47 26
46 25
46 24
45 23
45 19
44 18
44 11
43 10
5
50 30
71 38
71 38
52 32
43 2
3
15 8
15 7
17 5
4
15 8
15 8
17 5
17 5
