129
155
1
140
49 35
48 36
43 36
41 38
41 41
42 42
41 43
41 44
42 45
42 50
43 51
43 52
44 53
43 54
43 57
44 58
44 63
45 64
45 66
46 67
45 68
45 69
46 70
46 71
47 72
47 77
48 78
48 79
47 80
48 81
48 84
49 85
49 87
48 88
48 94
49 95
49 96
48 97
48 98
47 99
47 101
45 103
44 103
43 104
34 104
33 103
33 91
34 90
34 86
32 84
31 84
30 85
27 85
26 86
24 86
23 85
22 85
21 86
20 86
19 87
16 87
14 89
14 95
15 96
15 98
16 99
16 102
17 103
17 105
18 106
18 108
17 109
17 111
18 112
18 116
27 116
28 117
29 116
32 116
33 115
34 116
35 116
36 115
45 115
46 114
47 114
48 113
49 114
50 114
51 113
55 113
56 112
57 112
59 110
60 110
61 111
62 111
63 110
67 110
68 109
67 108
68 107
67 106
67 101
66 100
66 99
65 98
65 95
64 94
64 92
63 91
63 85
62 84
62 81
61 80
61 79
62 78
62 77
61 76
61 73
60 72
60 65
59 64
59 61
58 60
58 57
57 56
57 53
58 52
57 51
57 50
56 49
56 42
55 41
55 40
56 39
55 38
55 37
54 36
50 36
38
54 41
55 50
56 52
57 56
58 66
63 89
64 99
66 108
60 109
59 110
52 111
49 112
44 113
32 113
30 116
18 116
18 105
15 93
15 88
18 87
32 85
35 86
34 103
43 104
47 100
48 96
48 85
45 80
45 72
44 69
45 67
44 64
44 54
42 51
42 38
42 38
47 35
52 37
