500
500
73
2
93 498
93 499
4
93 498
93 498
93 499
93 499
7
50 499
51 498
56 498
57 497
64 497
65 498
65 499
4
50 499
50 497
65 497
65 499
4
242 499
242 498
241 497
241 496
4
242 499
241 496
241 496
242 499
7
15 493
15 494
14 495
15 496
17 496
18 495
18 493
4
14 496
14 493
18 493
18 496
20
273 499
273 497
276 494
277 494
278 493
279 494
282 494
283 495
288 495
289 494
291 494
293 492
295 492
296 493
297 493
298 494
299 494
301 496
301 498
300 499
4
273 499
273 492
301 492
301 499
1
89 489
4
89 489
89 489
89 489
89 489
16
173 499
173 496
172 495
172 491
171 490
171 489
173 487
175 487
176 486
181 486
182 485
183 485
188 490
188 491
189 492
189 499
4
171 499
171 485
189 485
189 499
50
420 499
420 491
419 490
419 484
418 484
417 483
414 483
413 484
412 484
411 485
410 485
409 486
406 486
405 485
404 486
397 486
395 484
395 481
394 480
394 478
393 477
393 476
392 475
392 474
395 471
397 471
398 470
402 470
403 469
408 469
409 468
413 468
414 467
418 467
419 466
423 466
424 465
429 465
431 467
431 471
432 472
432 475
433 476
433 481
434 482
434 488
435 489
435 497
436 498
436 499
6
426 467
395 472
397 486
420 482
423 500
432 498
1
0 464
4
0 464
0 464
0 464
0 464
43
328 499
328 497
327 496
327 494
325 492
325 491
324 490
324 489
323 488
323 487
322 486
322 479
321 478
321 473
320 472
320 469
321 468
321 467
324 464
326 464
327 463
330 463
332 465
332 469
333 470
333 473
334 474
334 476
335 477
335 479
336 480
336 482
337 483
337 487
338 488
338 490
339 491
339 492
341 494
339 496
339 497
338 498
338 499
4
327 502
316 466
331 462
342 498
22
13 499
13 497
12 496
8 496
5 493
3 493
2 492
2 489
1 488
3 486
6 486
6 484
7 483
7 482
9 480
9 476
8 476
6 474
6 467
5 466
5 464
4 463
5
4 466
7 483
3 490
4 492
10 497
39
289 461
288 462
286 462
285 463
275 463
274 464
271 464
270 465
261 465
260 466
259 466
257 468
257 469
256 470
259 473
259 474
261 476
272 476
273 475
274 476
275 476
276 477
281 477
282 478
284 478
285 477
291 477
292 476
294 476
295 475
297 475
298 474
298 469
297 468
297 465
296 464
296 462
295 462
294 461
4
258 482
255 466
297 460
299 476
20
494 499
494 494
493 493
493 489
492 488
492 482
491 481
491 477
490 476
490 470
489 469
489 463
488 462
488 458
487 457
487 456
490 453
495 453
496 452
499 452
3
496 456
488 458
494 500
40
44 450
43 451
37 451
36 452
35 452
34 453
34 454
33 455
33 456
34 457
34 460
35 461
35 464
36 465
36 467
37 468
37 469
38 470
38 471
40 473
40 474
41 475
41 476
46 476
47 475
49 475
51 473
51 471
52 470
52 468
51 467
51 465
50 464
50 463
49 462
49 459
48 458
48 451
47 451
46 450
4
38 478
32 452
47 449
53 474
51
231 445
230 446
229 446
228 447
227 447
226 448
225 448
224 449
224 450
223 451
223 455
222 456
222 468
223 469
223 470
224 471
224 472
226 474
226 476
227 477
227 485
228 486
228 487
230 487
231 488
234 488
235 487
236 487
238 485
238 484
239 483
239 481
240 480
240 477
239 476
239 473
240 472
240 469
239 468
239 466
238 465
238 458
237 457
238 456
238 454
237 453
237 448
236 447
236 446
235 446
234 445
4
225 489
219 447
237 444
242 487
39
167 426
166 427
165 427
164 428
163 428
162 429
162 430
161 431
161 434
162 435
162 439
163 440
163 442
164 443
164 447
165 448
165 450
166 451
166 452
167 453
167 454
168 455
168 456
171 459
171 461
172 462
180 462
180 452
179 451
179 442
178 441
178 437
177 436
177 430
176 429
176 428
175 427
174 427
173 426
4
166 464
160 427
176 424
182 462
35
345 425
344 426
336 426
335 427
331 427
330 428
326 428
325 429
322 429
321 430
321 431
320 432
320 434
321 435
321 436
322 437
322 440
323 441
323 442
324 443
324 445
325 446
335 446
336 445
343 445
344 444
350 444
351 443
351 432
350 431
350 428
349 427
349 426
348 426
347 425
4
322 448
319 428
350 424
352 444
6
491 405
492 404
493 404
494 403
495 404
499 404
4
491 405
491 403
499 402
499 404
42
216 384
215 385
210 385
208 387
208 388
209 389
209 395
210 396
210 399
211 400
211 403
212 404
212 411
213 412
213 418
214 419
214 422
215 423
215 424
216 425
222 425
223 424
229 424
230 423
231 423
231 418
230 417
230 416
229 415
229 413
228 412
228 410
227 409
227 402
226 401
226 394
225 393
225 387
224 386
224 385
223 385
222 384
4
214 427
207 385
225 382
232 423
40
337 382
335 384
335 385
334 386
334 387
333 388
331 388
330 389
323 389
321 387
320 387
319 386
314 386
312 388
312 393
313 394
313 399
314 400
314 404
315 405
315 407
316 408
316 409
317 410
324 410
325 409
327 409
328 408
331 408
332 407
334 407
335 406
339 406
340 405
343 405
345 403
345 386
344 385
344 384
342 382
4
315 412
311 387
344 381
348 406
43
274 374
273 375
271 375
270 376
268 376
267 377
266 377
264 379
264 380
263 381
260 381
259 382
253 382
252 381
246 381
244 383
244 384
243 385
243 388
244 389
244 392
245 393
245 394
252 394
253 393
260 393
261 392
266 392
267 391
270 391
271 390
277 390
278 389
282 389
283 388
284 388
284 381
283 380
283 378
282 377
282 375
281 375
280 374
4
245 396
242 380
282 372
285 388
66
409 363
408 364
405 364
404 365
401 365
399 367
399 369
400 370
400 373
401 374
401 381
402 382
402 386
403 387
403 390
404 391
404 398
405 399
405 406
406 407
406 409
407 410
407 413
408 414
408 421
409 422
409 427
410 428
410 430
411 431
411 440
412 441
412 442
418 442
419 441
422 441
423 440
425 440
425 437
424 436
424 432
423 431
423 425
422 424
422 419
421 418
421 414
420 413
420 409
419 408
419 402
418 401
418 395
417 394
417 390
416 389
416 384
415 383
415 377
414 376
414 372
413 371
413 365
412 364
411 364
410 363
4
411 443
398 365
413 362
426 441
49
63 354
62 355
59 355
58 356
53 356
52 357
51 357
50 358
49 358
49 359
48 360
49 361
49 367
50 368
50 374
51 375
51 378
52 379
52 380
53 381
53 382
54 383
54 384
55 385
55 398
56 399
56 400
57 401
63 401
64 402
66 402
67 401
67 398
68 397
68 393
71 390
71 386
70 385
70 380
69 379
69 375
68 374
68 369
67 368
67 364
66 363
66 355
65 355
64 354
4
55 404
47 357
66 354
73 401
28
0 423
2 423
3 422
10 422
10 421
11 420
11 416
10 415
10 411
9 410
9 405
8 404
8 400
7 399
7 393
6 392
6 387
5 386
5 381
4 380
4 374
3 373
3 369
2 368
2 362
1 361
1 357
0 356
3
2 355
6 422
6 422
157
94 496
94 495
93 494
91 496
89 496
88 495
86 495
84 493
84 490
87 487
91 487
91 476
90 475
90 471
89 470
89 466
88 465
89 464
89 462
88 461
88 459
89 458
89 449
88 448
88 444
87 443
87 436
86 435
86 434
89 431
91 431
92 430
97 430
97 426
99 424
100 424
101 423
104 423
105 422
106 423
108 423
108 415
107 414
107 412
106 411
103 411
102 410
102 407
101 406
99 406
97 404
97 403
96 402
96 397
95 396
95 387
94 386
93 386
92 387
83 387
81 385
81 383
80 382
80 378
79 377
79 373
78 372
78 365
77 364
77 361
76 360
76 357
75 356
75 353
77 351
78 351
79 350
83 350
84 349
88 349
89 348
95 348
96 347
97 347
99 349
99 356
100 357
100 363
101 364
101 368
102 369
102 371
103 372
103 373
104 374
104 377
103 378
103 382
104 383
111 383
112 384
112 387
111 388
111 391
110 392
110 396
109 397
109 399
110 400
110 401
111 402
111 403
112 404
112 405
113 406
113 407
114 408
114 411
115 412
115 418
116 419
116 427
115 428
115 430
114 431
114 432
113 433
113 437
114 438
114 440
115 441
115 442
116 443
118 443
120 445
120 452
119 453
118 453
118 454
117 455
117 456
116 457
116 458
117 459
117 467
118 468
118 473
119 474
119 479
120 480
120 481
121 482
121 485
122 486
122 494
123 495
123 499
23
118 454
117 442
114 440
113 420
111 384
102 384
100 351
97 349
82 350
77 356
79 386
97 385
98 406
106 414
107 423
101 423
94 432
88 432
91 489
89 492
92 492
92 492
124 499
42
301 334
300 335
297 335
296 336
295 336
295 339
296 340
296 343
297 344
297 346
298 347
298 350
299 351
299 353
300 354
300 363
301 364
301 367
302 368
302 370
301 371
301 373
302 374
302 375
311 375
312 374
316 374
316 367
315 366
315 362
314 361
314 356
313 355
313 351
312 350
312 347
311 346
311 340
310 339
310 335
309 335
308 334
4
302 377
294 335
310 332
317 374
47
211 332
210 333
203 333
202 334
201 334
199 336
199 338
200 339
200 341
201 342
201 348
202 349
202 351
203 352
203 357
204 358
204 359
205 360
205 362
204 363
205 364
205 369
206 370
206 372
208 374
211 374
212 373
217 373
218 372
222 372
223 371
223 365
222 364
222 362
220 360
220 359
219 358
219 357
217 355
217 354
216 353
216 339
215 338
215 334
214 333
213 333
212 332
4
206 375
198 334
216 330
224 372
37
246 326
245 327
243 327
242 328
241 328
241 329
240 330
240 333
241 334
241 340
242 341
242 349
243 350
243 354
244 355
244 362
245 363
245 364
249 364
250 365
254 365
255 364
256 365
259 365
260 364
260 355
259 354
259 349
258 348
258 345
257 344
257 342
256 341
256 336
255 335
255 328
253 326
4
245 367
239 327
255 325
261 365
74
149 308
148 309
146 309
145 310
144 310
142 312
142 314
143 315
143 322
144 323
144 333
145 334
145 338
146 339
146 342
147 343
147 349
148 350
148 355
149 356
149 361
150 362
150 366
151 367
151 375
152 376
152 379
153 380
153 382
154 383
154 388
155 389
155 390
156 391
156 392
157 393
157 396
158 397
158 399
159 400
159 401
163 401
164 402
166 402
167 401
170 401
171 400
171 378
172 377
172 369
171 368
171 366
167 362
167 361
166 360
166 356
165 355
165 352
164 351
164 346
163 345
163 334
162 333
162 331
161 330
161 327
160 326
160 323
159 322
159 310
158 310
157 309
154 309
153 308
7
158 312
164 350
171 400
162 401
157 396
144 311
147 314
30
191 300
190 301
187 301
186 302
172 302
171 303
170 303
169 304
169 305
168 306
169 307
169 308
173 312
173 313
174 314
174 316
175 317
175 318
176 319
187 319
188 318
193 318
195 316
198 316
199 315
199 312
198 311
198 301
197 301
196 300
4
170 321
168 302
198 299
200 318
47
43 292
42 293
41 293
40 294
39 294
39 298
40 299
40 301
39 302
40 303
40 307
41 308
41 313
42 314
42 324
43 325
43 328
44 329
44 340
45 341
45 342
46 343
55 343
56 342
63 342
63 335
62 334
62 329
61 328
61 321
60 320
60 312
59 311
59 307
58 306
58 302
57 301
57 299
56 299
55 298
49 298
48 297
48 295
47 294
47 293
46 293
45 292
4
45 344
38 293
57 290
64 342
46
243 291
242 292
238 292
237 293
231 293
230 294
226 294
225 295
219 295
218 296
214 296
213 297
212 297
211 298
211 299
210 300
210 303
211 304
211 308
212 309
212 310
213 311
215 311
216 310
219 310
220 309
221 309
223 307
224 307
225 306
226 307
228 307
230 309
238 309
239 308
243 308
245 306
245 303
244 302
244 301
245 300
245 298
246 297
246 292
245 292
244 291
4
212 313
209 297
246 291
249 307
62
294 282
293 283
290 283
289 284
284 284
283 285
277 285
276 286
272 286
271 287
265 287
264 288
260 288
258 290
258 299
259 300
259 302
260 303
260 304
261 305
261 306
269 306
270 305
273 305
274 304
276 304
277 303
279 303
280 302
284 302
285 301
286 301
288 303
288 312
287 313
287 314
288 315
288 321
289 322
289 324
290 325
290 326
294 326
295 325
300 325
301 324
306 324
307 323
307 320
306 319
306 315
305 314
305 309
304 308
304 300
303 299
303 292
302 291
302 289
301 288
301 283
300 282
7
300 286
307 323
289 326
286 300
262 304
261 299
260 293
198
384 313
384 309
383 308
383 306
382 305
382 302
381 301
381 291
380 290
380 288
379 288
378 287
374 287
373 288
372 288
371 289
370 289
369 290
353 290
352 289
351 289
350 288
345 288
344 289
342 289
341 290
339 290
338 291
337 291
336 292
335 292
335 293
334 294
334 299
335 300
335 302
336 303
336 306
337 307
337 314
336 315
328 315
327 316
326 316
324 314
324 313
323 312
323 310
322 309
322 308
321 307
321 306
320 305
320 300
319 299
319 288
321 286
323 286
324 285
328 285
328 278
330 276
335 276
336 275
339 275
340 274
347 274
348 273
350 273
352 275
352 276
363 276
364 275
368 275
369 274
372 274
373 273
376 273
377 272
384 272
385 273
388 273
391 276
391 277
394 280
394 284
395 285
395 294
396 295
396 302
397 303
397 306
398 307
398 308
399 309
401 309
403 311
403 314
404 315
404 318
405 319
405 324
406 325
406 329
407 330
407 331
405 333
402 333
400 335
400 343
399 344
396 344
395 345
394 345
392 347
387 347
386 348
370 348
368 346
368 345
367 344
367 337
369 335
371 335
372 334
374 334
375 333
381 333
382 332
388 332
389 331
390 331
390 322
389 321
389 317
388 316
388 314
387 313
386 313
388 315
388 316
389 317
389 321
390 322
390 330
388 332
382 332
381 333
375 333
374 334
372 334
371 335
369 335
367 337
367 344
368 345
368 346
369 347
369 348
386 348
387 347
393 347
396 344
400 344
400 335
402 333
406 333
407 332
407 330
406 329
406 325
405 324
405 319
404 318
404 315
403 314
403 310
402 310
401 309
399 309
398 308
398 307
397 306
397 303
396 302
396 295
395 294
395 285
394 284
394 280
393 279
393 278
390 275
390 274
389 274
388 273
385 273
384 272
31
383 351
365 339
370 332
388 329
385 330
370 332
365 339
367 348
399 342
398 336
406 326
403 311
396 306
392 278
385 273
352 278
346 273
334 275
322 292
326 315
338 313
334 293
378 286
385 276
388 275
392 278
396 306
403 311
406 326
398 336
399 339
22
499 442
498 443
494 443
493 444
491 444
489 442
489 441
488 440
488 439
486 437
487 436
487 430
484 427
484 426
485 425
485 419
483 417
483 414
484 413
484 409
486 407
487 407
4
489 446
477 410
487 407
499 443
49
222 211
220 211
218 213
218 221
219 222
219 226
220 227
220 228
221 229
221 230
225 230
226 229
228 231
228 237
229 238
229 243
230 244
230 245
231 246
238 246
239 247
240 247
241 248
253 248
254 247
258 247
259 246
260 246
261 245
262 245
262 244
264 242
266 242
267 241
268 241
268 233
267 232
268 231
268 227
267 226
267 225
266 224
266 222
265 221
265 216
264 215
264 204
263 204
262 203
5
267 209
256 250
235 245
226 231
217 219
58
136 202
135 203
128 203
127 204
126 204
124 206
124 210
125 211
125 218
126 219
126 224
127 225
127 228
128 229
128 237
129 238
129 241
130 242
130 246
131 247
131 251
132 252
132 260
133 261
133 267
134 268
134 270
135 271
135 272
136 273
138 273
139 272
146 272
147 271
149 271
149 267
148 266
148 263
147 262
147 256
146 255
146 251
145 250
145 244
144 243
144 241
143 240
143 234
142 233
142 229
141 228
141 222
140 221
140 216
139 215
139 210
138 209
138 204
4
134 274
122 204
138 201
150 271
10
499 210
492 210
490 208
490 205
492 203
493 203
494 202
497 202
498 201
499 201
4
490 210
490 201
499 201
499 210
73
454 198
453 199
448 199
447 200
446 200
444 202
444 208
445 209
445 213
446 214
446 215
447 216
447 218
448 219
448 220
449 221
449 223
450 224
450 225
451 226
451 228
452 229
452 233
453 234
453 235
456 238
458 238
459 237
461 237
462 238
469 238
470 237
473 237
474 236
476 236
477 235
480 235
481 234
484 234
485 233
492 233
492 226
491 225
491 224
492 223
492 220
491 220
490 219
489 219
488 218
486 218
485 219
480 219
479 220
474 220
473 221
470 221
469 222
462 222
460 220
461 219
461 217
460 216
460 215
461 214
461 212
459 210
459 209
458 208
458 204
457 203
457 200
455 198
7
460 202
463 222
491 219
493 233
453 238
449 210
445 207
80
191 187
190 188
185 188
184 189
179 189
178 190
173 190
172 191
168 191
167 192
165 192
164 193
163 193
163 194
162 195
162 199
163 200
163 201
164 202
170 202
172 204
172 205
173 206
173 209
174 210
174 213
175 214
175 220
176 221
176 230
177 231
177 237
178 238
178 240
179 241
179 245
180 246
180 249
181 250
181 254
182 255
182 258
183 259
183 260
184 261
184 263
185 264
185 265
190 265
191 264
193 264
194 263
197 263
198 262
200 262
200 256
199 255
199 250
198 249
198 243
197 242
197 240
196 239
196 224
195 223
194 223
192 221
192 217
191 216
191 210
190 209
190 205
191 204
191 203
194 200
196 200
196 189
195 188
194 188
193 187
10
199 193
189 206
191 221
195 223
201 261
184 264
175 209
161 199
166 192
189 188
76
0 221
0 222
1 223
1 226
2 227
2 230
3 231
3 236
4 237
4 250
5 251
5 256
6 257
6 259
7 260
7 261
8 262
8 263
9 264
9 265
10 266
10 268
9 269
9 275
10 276
10 277
12 279
20 279
21 278
24 278
25 277
28 277
29 276
36 276
37 275
41 275
42 274
49 274
50 273
54 273
55 272
56 272
56 267
55 266
55 263
54 262
54 261
53 260
53 259
52 258
53 257
53 255
52 254
52 249
51 248
51 242
50 241
50 236
49 235
49 229
48 228
48 211
47 210
47 208
46 207
46 205
45 204
45 202
48 199
49 199
50 198
50 197
54 193
54 192
55 191
55 188
6
46 208
55 272
12 278
9 257
-3 221
53 191
1
209 155
4
209 155
209 155
209 155
209 155
7
211 154
211 158
210 159
209 158
209 157
209 159
211 159
4
209 159
209 154
211 154
211 159
4
210 152
209 153
210 152
211 152
4
209 153
209 153
211 152
211 152
6
164 137
164 139
164 138
165 137
166 138
166 137
4
166 139
164 139
164 137
166 137
25
197 136
200 136
201 137
201 139
202 140
202 147
199 150
198 150
197 151
196 151
193 154
192 154
190 156
184 156
183 155
181 155
180 154
179 154
177 152
177 146
173 142
172 142
171 143
169 143
168 144
4
172 160
168 143
201 135
205 152
57
278 120
277 121
276 121
274 123
274 126
273 127
273 128
271 130
271 133
272 134
272 140
273 141
273 145
274 146
274 149
275 150
275 156
276 157
276 160
277 161
277 163
278 164
278 166
279 167
279 168
280 169
280 174
281 175
281 177
282 178
282 179
283 180
288 180
289 179
293 179
293 175
292 174
292 172
291 171
291 162
290 161
290 156
289 155
289 152
288 151
288 139
287 138
287 134
286 133
286 130
285 129
285 127
284 126
284 123
283 122
283 121
282 120
4
280 182
269 122
284 119
295 179
25
167 146
166 146
165 145
165 143
164 142
166 140
169 140
171 138
172 138
172 136
173 135
173 125
172 124
172 121
171 120
171 118
170 117
168 117
168 118
163 123
162 123
161 122
161 118
160 117
160 114
4
165 146
160 114
171 112
176 145
45
0 121
5 121
6 120
11 120
12 119
17 119
18 118
22 118
23 117
28 117
29 116
29 113
31 111
32 111
34 113
34 114
35 115
35 118
36 119
36 129
35 130
35 131
34 132
34 134
33 135
33 140
34 141
34 142
35 143
35 144
37 146
38 146
40 148
40 151
39 152
38 152
36 154
37 155
37 157
38 158
38 161
39 162
39 163
41 165
42 165
7
40 162
36 149
32 136
36 129
30 109
26 118
1 121
172
366 110
365 111
359 111
358 112
357 112
357 113
356 114
356 120
357 121
357 123
358 124
358 128
359 129
359 133
360 134
360 139
361 140
361 145
362 146
362 151
363 152
363 157
364 158
364 165
365 166
365 172
366 173
366 178
365 179
355 179
354 180
349 180
348 181
345 181
343 183
343 188
344 189
344 191
345 192
345 193
351 193
352 194
354 194
355 193
358 193
359 192
362 192
363 191
365 191
366 190
367 190
370 193
370 198
371 199
371 203
372 204
372 210
373 211
373 219
372 220
370 220
369 221
363 221
362 222
357 222
356 223
349 223
348 224
344 224
343 225
339 225
338 224
337 224
336 223
334 223
333 224
329 224
328 225
322 225
321 226
316 226
315 227
309 227
308 228
303 228
302 229
299 229
298 230
289 230
288 231
287 231
285 233
285 239
286 240
286 243
287 244
287 245
288 246
292 246
293 245
296 245
297 244
304 244
305 243
310 243
311 242
313 242
314 241
322 241
323 240
324 240
325 239
326 240
328 240
329 239
331 239
332 238
336 238
337 237
352 237
353 236
356 236
357 235
361 235
362 234
370 234
371 233
373 233
374 232
376 232
377 231
378 231
379 230
380 230
381 229
384 229
385 228
386 228
386 222
385 221
385 207
384 206
384 202
383 201
383 192
382 191
382 190
381 189
381 188
379 186
379 182
378 181
378 161
377 160
377 155
376 154
376 150
375 149
375 147
374 146
374 141
373 140
373 133
372 132
372 126
371 125
371 118
370 117
370 115
369 114
369 112
367 110
17
370 123
379 182
386 229
289 243
287 231
290 228
337 221
340 224
372 219
368 193
351 196
345 191
344 188
349 181
366 178
357 119
362 112
60
119 105
118 106
111 106
110 107
109 107
108 108
108 109
107 110
107 111
108 112
108 114
109 115
109 122
110 123
110 129
111 130
111 132
112 133
112 140
113 141
113 146
114 147
114 152
115 153
115 157
116 158
116 163
117 164
117 170
118 171
118 174
119 175
119 176
126 176
127 175
132 175
132 169
131 168
131 165
130 164
130 160
129 159
129 154
128 153
128 147
127 146
127 141
126 140
126 134
125 133
125 130
124 129
124 124
123 123
123 114
122 113
122 108
121 107
121 106
120 105
4
118 177
106 107
121 104
133 175
2
170 99
170 100
4
170 99
170 99
170 100
170 100
2
168 99
168 100
4
168 99
168 99
168 100
168 100
1
169 96
4
169 96
169 96
169 96
169 96
20
227 131
226 131
225 130
225 129
226 128
227 129
227 128
229 126
229 119
230 118
230 112
228 110
228 108
227 107
227 102
226 101
226 97
225 96
224 96
223 95
4
225 131
223 95
229 95
231 131
180
54 183
54 179
53 178
53 174
52 173
52 168
51 167
51 162
50 161
50 157
49 156
49 150
48 149
48 143
47 142
47 141
46 140
46 137
45 136
45 130
44 129
44 125
43 124
43 120
42 119
42 113
41 112
41 106
40 105
40 100
39 99
42 96
46 96
47 95
55 95
56 96
56 97
57 98
57 111
58 112
58 113
59 114
59 116
60 117
60 119
61 120
61 122
62 123
62 125
63 126
63 132
62 133
62 134
61 135
61 138
60 139
61 140
61 144
62 145
62 150
63 151
63 158
64 159
64 162
65 163
65 168
66 169
66 174
67 175
67 180
68 181
68 187
69 188
69 192
70 193
70 197
71 198
71 204
72 205
72 208
73 209
73 214
74 215
74 220
75 221
75 226
76 227
76 233
77 234
77 238
78 239
78 244
79 245
79 253
80 254
80 255
82 257
82 258
83 259
83 263
84 264
84 265
85 266
85 269
86 270
86 276
85 277
85 279
84 280
84 285
85 286
85 289
86 290
86 293
87 294
87 298
88 299
88 300
89 301
89 311
90 312
90 321
89 322
84 322
83 323
80 323
79 324
77 324
75 322
75 320
74 319
74 313
73 312
73 309
72 308
72 307
71 306
71 305
70 304
70 303
69 302
69 295
70 294
70 292
69 291
69 286
68 285
68 280
69 279
69 278
70 277
70 273
69 272
69 268
68 267
68 260
67 259
67 251
66 250
66 249
65 248
65 246
64 245
64 240
63 239
63 236
62 235
62 231
61 230
61 224
60 223
60 217
59 216
59 211
58 210
58 207
57 206
57 200
56 199
56 193
12
42 102
60 225
66 270
73 317
79 323
88 321
83 283
81 271
62 141
58 109
56 100
50 95
5
167 97
167 96
166 95
167 94
168 94
4
167 97
166 97
166 94
168 94
42
290 93
289 94
283 94
282 95
280 95
279 96
272 96
271 97
265 97
264 98
262 98
261 99
255 99
254 100
253 100
251 102
251 104
252 105
252 106
253 107
268 107
269 106
275 106
276 105
278 105
279 104
281 104
282 103
284 103
285 102
286 102
287 101
288 101
289 100
292 100
293 99
298 99
299 98
299 95
298 94
297 94
296 93
4
252 110
250 99
298 91
300 102
56
159 111
158 111
155 108
155 105
154 104
153 104
150 101
150 100
149 99
149 97
152 94
153 94
154 93
154 90
153 89
157 85
158 85
159 84
161 84
162 83
167 83
168 84
170 84
172 86
172 88
171 89
171 90
172 89
173 90
175 90
176 89
181 89
182 88
183 88
184 89
191 89
192 90
192 95
193 96
193 102
190 105
190 111
191 112
191 116
192 117
192 124
193 125
193 126
194 127
194 128
195 129
195 132
196 133
196 134
195 135
195 136
9
149 101
192 131
188 110
192 105
189 90
169 93
172 88
167 85
159 86
70
499 112
498 113
495 113
494 114
486 114
485 115
478 115
477 114
477 113
476 112
475 112
474 111
471 111
470 112
462 112
461 113
454 113
452 115
452 116
451 117
452 118
452 128
451 129
447 129
446 128
444 128
440 124
440 122
439 121
439 120
438 119
438 118
437 117
437 116
436 115
436 114
434 112
434 111
432 109
432 107
431 106
431 105
430 104
430 103
429 102
432 99
433 99
434 98
439 98
440 97
445 97
446 96
451 96
452 95
458 95
459 94
460 94
460 88
463 85
465 85
466 84
469 84
470 83
478 83
479 82
485 82
486 81
491 81
492 80
498 80
8
463 85
459 93
431 101
438 121
452 116
452 116
500 112
497 86
28
0 80
5 80
6 79
11 79
12 78
17 78
18 77
22 77
23 76
26 76
27 77
27 78
28 79
28 82
29 83
29 91
30 92
30 95
29 96
27 96
26 97
22 97
21 98
14 98
13 99
9 99
8 100
0 100
4
0 101
-3 80
28 75
31 96
53
292 71
290 73
287 73
286 74
281 74
280 75
274 75
273 76
268 76
267 77
264 77
263 78
258 78
257 79
253 79
252 80
251 80
250 81
250 82
249 83
249 87
250 88
250 90
251 91
251 96
252 97
255 97
257 95
258 95
261 92
262 92
263 91
266 91
267 90
271 90
272 89
281 89
282 88
287 88
289 90
290 90
291 91
295 91
296 90
296 83
295 82
295 78
296 77
296 75
295 74
295 73
294 72
294 71
6
291 87
260 92
257 95
254 93
252 82
289 73
6
279 62
279 61
278 60
277 60
276 59
276 58
4
279 62
276 59
276 58
280 62
45
281 62
282 61
284 61
290 55
293 58
293 61
294 62
294 67
293 68
292 68
291 67
283 67
282 68
281 68
280 69
278 69
277 70
274 70
273 71
271 71
270 72
259 72
258 73
257 73
256 74
253 74
252 75
250 75
248 73
248 72
247 71
247 70
251 66
252 66
254 64
258 64
259 63
266 63
267 62
268 62
269 61
270 61
271 60
274 60
275 61
4
249 79
246 66
292 54
295 67
25
429 51
428 52
427 52
426 53
424 53
424 56
423 57
423 64
424 65
424 67
425 68
425 69
429 73
440 73
441 72
442 72
442 65
441 64
441 61
440 60
440 55
439 54
439 52
438 52
437 51
4
423 73
423 51
442 51
442 73
46
0 36
4 36
5 35
9 35
10 34
15 34
16 33
21 33
22 32
27 32
28 31
33 31
34 30
38 30
40 32
40 35
41 36
41 42
42 43
42 46
43 47
43 52
44 53
44 58
45 59
45 64
44 65
42 65
41 66
30 66
29 65
29 64
28 63
28 54
27 53
27 51
25 49
22 49
21 50
18 50
17 51
9 51
8 52
4 52
3 53
0 53
6
4 51
27 47
30 65
45 62
36 28
5 36
64
203 27
202 28
197 28
196 29
191 29
190 30
187 30
186 31
185 31
184 32
183 32
182 33
181 33
179 35
177 35
176 36
172 36
171 37
170 37
170 38
169 39
169 40
168 41
169 42
169 44
170 45
170 51
169 52
169 58
170 59
170 60
171 61
171 62
174 65
174 67
173 68
173 71
174 72
174 73
175 74
182 74
183 73
199 73
200 72
205 72
206 71
212 71
213 70
217 70
218 69
218 63
217 62
217 60
215 58
215 56
214 55
214 51
213 50
213 34
212 33
212 31
211 30
211 29
209 27
8
211 37
215 68
178 74
176 62
173 59
169 37
184 34
206 28
36
238 20
237 21
233 21
232 22
229 22
228 23
227 23
227 24
226 25
226 29
227 30
227 36
228 37
228 42
229 43
229 47
230 48
230 54
231 55
231 56
232 57
232 58
235 58
236 57
237 57
238 56
244 56
244 43
243 42
243 39
242 38
242 35
241 34
241 29
240 28
240 22
4
231 59
225 22
240 20
246 56
35
499 27
498 28
490 28
489 29
481 29
480 30
477 30
476 31
466 31
465 30
465 29
464 28
464 25
463 24
463 22
462 21
462 16
461 15
461 14
463 12
465 12
466 11
471 11
472 10
472 9
475 6
480 6
482 8
482 10
483 11
483 13
484 14
493 14
494 13
499 13
4
497 16
479 6
464 34
495 25
98
158 3
157 4
152 4
151 5
147 5
146 6
141 6
140 7
135 7
134 8
129 8
128 9
122 9
121 10
116 10
115 11
110 11
109 12
106 12
105 13
100 13
99 14
94 14
93 15
92 15
92 16
91 17
92 18
92 24
93 25
93 31
94 32
94 35
95 36
95 42
96 43
96 49
97 50
97 53
98 54
98 61
99 62
99 65
100 66
100 70
101 71
101 72
102 73
102 75
103 76
103 77
116 77
117 76
120 76
121 75
122 75
122 73
123 72
123 68
122 67
122 61
121 60
121 59
120 59
119 58
116 58
114 56
114 53
113 52
113 44
112 43
112 35
111 34
111 33
109 31
112 28
114 28
115 27
123 27
124 26
127 26
128 25
135 25
136 24
138 24
139 23
143 23
144 22
160 22
161 21
162 21
163 20
163 12
162 11
162 7
161 6
161 5
159 3
10
162 17
160 20
114 28
111 32
115 55
121 59
124 74
101 78
93 14
154 6
81
351 0
351 4
352 5
352 8
351 9
351 14
352 15
352 25
353 26
353 28
354 29
354 30
355 31
355 33
356 34
356 38
357 39
357 43
358 44
358 50
359 51
359 55
360 56
360 61
361 62
361 64
362 65
362 70
363 71
363 75
362 76
362 78
363 79
363 81
362 82
360 82
359 83
352 83
351 82
351 81
350 80
350 78
349 77
349 73
348 72
348 68
347 67
347 61
346 60
346 55
345 54
345 49
344 48
344 44
343 43
343 37
342 36
342 35
333 35
332 36
329 36
328 37
314 37
311 34
311 32
315 28
317 28
317 27
319 25
320 25
321 24
328 24
329 23
331 23
332 22
339 22
339 13
338 12
338 7
337 6
337 1
10
337 23
322 25
315 35
315 38
342 34
349 83
364 81
362 72
348 5
342 0
21
300 0
296 0
295 1
294 1
293 2
287 2
286 3
285 3
284 4
277 4
276 5
274 5
273 6
260 6
259 7
255 7
254 8
252 8
250 6
250 5
248 3
4
248 8
248 3
300 0
300 5
51
180 0
180 1
179 2
179 6
180 7
180 10
181 11
181 15
182 16
198 16
199 15
202 15
203 14
209 14
210 13
214 13
215 12
220 12
221 11
228 11
229 10
232 10
233 9
234 9
235 8
236 8
236 0
236 7
234 9
233 9
232 10
229 10
228 11
221 11
220 12
215 12
214 13
210 13
209 14
203 14
202 15
199 15
198 16
182 16
181 15
181 11
180 10
180 7
179 6
179 2
180 1
5
186 13
233 11
236 11
186 13
180 7
