135
135
1
198
95 28
94 29
93 29
92 30
90 30
89 29
88 30
87 30
87 33
86 34
86 36
87 37
87 39
88 40
88 41
89 42
89 43
90 43
91 44
93 44
94 45
94 55
95 56
95 57
96 58
96 59
97 60
97 61
98 62
97 63
97 71
98 72
98 74
99 75
99 76
97 78
96 78
95 79
93 79
92 80
91 80
90 81
89 80
88 81
81 81
80 80
81 79
80 78
80 73
79 72
80 71
80 70
79 69
78 69
77 68
76 68
75 69
73 69
72 70
69 70
66 73
63 73
62 74
59 74
58 75
55 72
55 71
53 69
52 69
51 68
50 68
49 69
45 69
44 70
42 70
41 71
39 71
39 73
38 74
38 75
39 76
36 79
35 78
34 79
33 79
32 80
31 80
30 79
27 79
26 78
22 78
21 79
20 79
19 80
19 82
20 83
20 90
19 91
21 93
22 93
23 92
32 92
33 91
34 91
35 90
36 90
37 91
38 91
39 90
42 90
43 89
44 89
45 90
46 90
47 89
49 89
50 90
51 90
52 89
55 89
56 88
57 88
58 87
59 87
60 86
61 86
62 87
63 86
66 86
67 85
70 85
71 84
73 84
74 85
76 85
77 86
77 94
78 95
78 96
79 97
82 97
83 96
84 97
88 97
89 96
92 96
93 95
94 95
94 94
96 92
97 92
98 93
100 93
101 92
102 92
103 93
104 92
105 92
106 91
107 92
109 92
110 91
111 91
112 90
113 90
114 89
114 79
113 78
113 71
112 70
112 68
111 67
111 64
112 63
112 61
111 60
111 59
110 58
110 53
109 52
109 49
108 48
108 44
107 43
107 41
108 40
108 39
107 38
107 37
106 36
107 35
107 31
106 30
106 29
104 29
103 28
102 29
101 28
17
114 87
78 96
76 82
52 87
22 90
21 78
37 76
42 71
52 70
56 72
78 71
79 81
99 79
95 46
84 38
89 31
103 29
