141
63
5
12
87 32
86 33
86 34
87 33
88 34
90 34
90 32
90 33
89 34
88 34
87 33
88 32
2
99 29
99 30
5
97 28
97 27
98 26
99 27
100 27
70
101 30
102 30
103 31
108 31
109 32
113 32
114 33
122 33
123 34
125 34
127 36
127 43
125 45
110 45
109 44
108 44
107 45
100 45
99 44
98 44
96 42
93 42
92 41
89 41
88 40
85 40
84 41
77 41
76 40
74 40
73 39
72 39
71 38
67 38
66 37
55 37
54 36
49 36
48 35
47 35
46 34
43 34
42 33
40 33
39 32
33 32
31 30
31 25
32 24
32 22
34 20
36 20
37 21
46 21
47 22
50 22
51 23
58 23
59 24
63 24
64 25
71 25
72 26
75 26
76 27
79 27
80 28
86 28
87 29
95 29
16
10 19
10 20
9 21
9 29
10 30
10 31
11 32
16 32
17 33
24 33
24 22
23 21
22 21
21 20
19 20
18 19
