500
500
56
4
174 498
173 499
178 499
177 498
4
173 499
173 498
178 498
178 499
12
365 499
365 498
366 497
366 495
367 494
374 494
375 495
376 495
377 496
377 497
378 498
378 499
4
365 499
365 494
378 494
378 499
17
322 499
322 496
325 493
329 493
332 496
336 496
336 494
339 491
348 491
350 493
350 496
351 497
351 499
351 493
350 492
349 492
348 491
4
322 499
322 491
351 491
351 499
20
187 499
187 496
186 495
186 491
188 489
189 489
194 484
198 484
201 487
201 488
202 489
202 490
203 491
204 491
207 494
207 495
208 496
208 497
209 498
209 499
4
186 499
186 484
209 484
209 499
32
499 493
498 493
497 492
494 492
493 491
491 491
490 490
483 490
482 489
466 489
465 488
459 488
458 487
457 487
456 486
456 481
455 480
455 479
454 478
454 474
458 470
467 470
468 471
470 471
471 472
482 472
483 473
490 473
491 474
494 474
495 475
499 475
4
499 493
452 487
455 468
501 474
114
168 452
167 453
166 453
165 454
164 454
159 459
158 459
155 462
154 462
151 465
150 465
146 469
145 469
142 472
141 472
136 477
135 477
131 481
130 481
127 484
126 484
122 488
121 488
115 494
114 494
112 496
111 496
108 499
110 499
110 498
113 495
114 495
116 493
117 493
123 487
124 487
128 483
129 483
132 480
133 480
137 476
138 476
143 471
144 471
147 468
148 468
152 464
153 464
156 461
157 461
160 458
161 458
166 453
170 453
173 456
173 457
175 459
175 463
174 464
173 464
172 465
171 465
165 471
164 471
159 476
158 476
156 478
155 478
153 480
152 480
150 482
150 483
149 484
148 484
147 485
146 485
145 486
144 486
137 493
137 494
135 496
134 496
133 497
132 497
130 499
131 499
131 498
132 497
133 497
134 496
135 496
146 485
147 485
148 484
149 484
154 479
155 479
157 477
158 477
160 475
161 475
166 470
167 470
173 464
175 464
176 463
176 461
175 460
175 458
172 455
172 454
171 454
170 453
169 453
19
173 465
171 467
159 475
146 486
132 497
143 488
150 482
152 480
175 463
171 458
168 453
163 457
112 497
110 499
112 497
163 457
168 453
170 456
174 456
32
291 449
290 450
288 450
287 451
286 451
286 452
285 453
287 455
287 458
285 460
285 463
284 464
285 465
285 466
288 466
289 467
299 467
300 468
302 468
302 464
303 463
303 462
304 461
304 453
303 453
302 452
301 452
300 451
299 451
298 450
296 450
295 449
4
303 468
284 467
285 448
305 450
25
18 499
18 474
17 473
17 471
18 470
18 466
17 465
17 449
18 448
28 448
32 452
32 460
33 461
33 465
34 466
34 470
33 471
34 472
34 477
33 478
33 487
32 488
32 492
33 493
33 499
4
17 499
17 448
34 448
34 499
52
189 446
188 447
187 447
186 448
185 448
185 449
184 450
184 457
185 458
185 459
186 460
191 460
192 461
193 461
194 462
200 462
201 463
206 463
207 464
214 464
216 466
221 466
222 467
229 467
230 468
237 468
238 469
244 469
244 466
245 465
245 457
244 456
241 456
240 455
239 455
238 454
231 454
230 453
226 453
225 452
221 452
220 451
218 451
217 450
211 450
210 449
202 449
201 448
197 448
196 447
193 447
192 446
4
244 471
182 460
185 444
247 455
52
270 443
269 444
268 444
268 445
267 446
267 452
266 453
266 455
265 456
265 463
264 464
264 468
263 469
263 475
262 476
262 478
261 479
261 486
260 487
260 488
261 489
261 490
262 491
263 491
264 492
265 492
266 493
268 493
269 492
270 492
272 490
272 488
275 485
275 484
277 482
277 479
276 478
276 468
278 466
278 462
277 461
277 456
278 455
278 454
279 453
279 451
280 450
280 445
279 445
278 444
272 444
271 443
4
275 494
259 492
266 442
282 444
54
89 441
88 442
80 442
79 443
67 443
67 444
66 445
66 446
65 447
65 451
66 452
66 456
65 457
65 458
66 459
66 460
68 462
70 462
71 463
77 463
78 464
81 464
82 465
83 465
84 466
86 466
86 465
87 464
87 463
89 461
93 461
95 463
95 464
98 464
100 466
104 466
105 465
105 462
106 461
106 454
108 452
109 452
109 449
112 446
112 444
111 443
110 443
109 444
102 444
101 443
97 443
96 442
91 442
90 441
19
111 448
108 450
108 453
105 452
105 459
105 465
96 465
93 462
90 462
84 468
78 462
69 462
67 459
66 448
69 445
82 444
87 444
99 445
108 445
26
79 409
78 410
77 410
77 411
76 412
76 414
77 415
77 416
79 418
79 419
80 419
82 421
84 421
85 420
88 420
89 419
91 419
92 418
93 418
93 412
92 412
91 411
87 411
86 410
85 410
84 409
4
76 421
76 409
93 409
93 421
39
0 407
3 407
4 408
10 408
12 410
15 410
16 411
16 414
15 415
15 431
16 432
16 437
17 438
21 438
22 439
24 439
25 438
32 438
32 426
33 425
33 417
34 416
34 414
33 413
33 411
32 410
32 400
31 399
30 399
29 398
27 398
26 397
23 397
22 396
21 396
20 395
17 395
16 394
7 394
12
19 394
32 404
32 407
33 418
30 422
32 436
21 438
18 435
15 412
15 412
2 404
10 392
75
462 382
461 383
460 383
460 384
459 385
459 386
458 387
458 394
457 395
457 402
456 403
456 408
455 409
455 414
454 415
454 417
455 418
455 419
456 420
456 422
455 423
454 423
453 424
454 425
454 428
453 429
452 429
452 430
451 431
451 434
450 435
450 441
451 442
451 443
452 443
453 444
456 444
457 445
459 445
460 444
465 444
466 445
471 445
472 446
475 446
476 445
482 445
483 444
483 443
484 442
484 436
483 435
483 434
481 432
480 432
479 431
474 431
473 430
470 430
469 429
469 423
470 422
470 409
471 408
471 405
472 404
472 397
475 394
475 385
474 385
473 384
472 384
471 383
464 383
463 382
22
473 384
474 387
473 396
471 400
470 409
467 411
467 429
477 429
483 435
483 441
483 443
457 444
453 444
451 441
451 432
454 429
453 423
456 420
450 414
459 405
459 384
459 384
84
357 364
356 365
355 365
355 366
354 367
354 369
353 370
353 379
352 380
352 384
351 385
351 392
350 393
350 398
349 399
349 402
348 403
349 404
349 405
350 406
351 406
352 407
353 407
354 408
357 408
358 409
366 409
367 410
372 410
373 411
375 411
376 412
382 412
383 413
383 418
382 419
382 423
390 423
391 422
392 422
392 420
389 417
389 415
391 413
393 413
394 414
397 414
398 415
401 415
402 416
415 416
416 415
416 407
417 406
417 400
418 399
418 396
419 395
419 388
420 387
420 381
421 380
421 374
418 371
418 369
417 368
414 368
412 370
411 370
410 371
405 371
404 370
396 370
395 369
388 369
387 368
384 368
383 367
378 367
377 366
368 366
367 365
361 365
360 364
24
363 366
366 366
381 367
384 370
410 372
413 369
416 370
422 376
418 379
416 408
416 414
398 412
389 412
389 415
392 418
391 421
383 420
384 411
360 410
354 403
351 403
353 380
354 368
354 368
34
0 353
2 353
3 354
8 354
10 356
10 357
11 358
11 360
12 361
12 362
13 363
13 364
14 365
14 370
13 371
8 371
7 370
1 370
0 369
0 370
7 370
8 371
14 371
14 364
12 362
12 361
11 360
11 358
10 357
10 355
9 355
8 354
3 354
2 353
9
12 357
12 363
15 366
12 368
3 368
15 369
15 364
7 354
4 354
69
224 352
223 353
222 353
222 354
221 355
221 358
220 359
220 363
221 364
221 365
222 366
222 373
221 374
221 378
220 379
220 384
219 385
219 388
218 389
216 389
215 388
214 388
213 387
207 387
206 386
203 386
202 385
199 385
198 386
197 386
197 387
196 388
196 390
195 391
195 396
196 397
196 398
197 399
205 399
206 400
208 400
209 401
214 401
215 402
222 402
223 403
230 403
230 402
231 401
231 393
232 392
232 388
233 387
233 383
234 382
234 376
235 375
235 374
236 373
236 363
237 362
237 360
238 359
238 356
237 355
237 354
236 354
235 353
225 353
18
236 361
235 364
233 373
233 376
227 404
199 399
196 395
197 392
198 386
201 384
213 386
216 387
219 387
221 374
223 365
219 358
225 353
234 355
75
166 343
164 345
164 346
165 347
165 351
164 352
164 354
163 355
163 356
161 358
161 362
160 363
160 367
159 368
159 373
158 374
158 378
157 379
157 386
156 387
156 388
157 389
157 390
158 391
158 392
163 392
164 393
170 393
171 392
174 392
175 393
175 400
177 402
179 402
180 403
184 403
185 402
185 378
184 377
180 377
179 378
178 378
178 379
177 380
175 380
174 379
174 376
175 375
175 371
179 367
181 367
183 369
192 369
193 368
193 366
192 365
192 362
193 361
193 356
192 356
191 355
190 355
189 354
186 354
185 353
176 353
175 352
174 352
173 351
172 351
171 350
171 346
169 344
168 344
167 343
24
173 350
174 353
177 354
183 355
191 357
189 366
182 371
180 367
173 372
173 373
174 377
174 380
181 375
187 377
181 400
178 402
173 395
174 392
160 389
157 388
163 363
167 348
164 348
164 348
90
281 320
280 321
279 321
278 322
277 322
276 323
275 323
273 325
273 326
272 327
272 328
271 329
271 331
270 332
270 346
269 347
268 347
268 348
267 349
267 360
266 361
266 367
265 368
265 369
264 370
264 373
263 374
263 383
262 384
262 403
263 404
263 406
264 407
264 408
271 408
272 409
273 409
276 412
277 412
279 414
280 414
281 415
284 415
285 414
289 414
290 415
292 415
293 414
293 413
294 412
294 404
295 403
295 390
294 389
288 389
287 388
287 370
286 369
285 369
284 368
281 368
280 367
278 367
277 366
277 351
278 350
278 349
280 347
280 342
281 341
284 341
285 342
290 342
292 340
292 334
293 333
293 331
292 330
292 328
291 327
291 326
290 325
290 324
289 323
288 323
287 322
286 322
285 321
283 321
282 320
24
289 327
292 330
292 339
289 342
280 342
279 351
277 353
277 368
285 369
284 383
293 392
292 413
289 413
277 413
272 406
266 406
263 403
265 371
268 368
268 350
271 347
272 335
272 329
277 323
20
196 316
195 317
194 317
194 318
193 319
193 322
192 323
192 331
193 332
199 332
200 333
203 333
203 330
204 329
204 326
205 325
205 318
204 317
203 317
202 316
4
192 333
192 316
205 316
205 333
37
37 304
36 305
35 305
35 306
34 307
34 311
33 312
33 317
32 318
32 324
31 325
31 330
30 331
30 338
31 339
31 340
32 341
32 347
40 347
41 346
41 345
42 344
42 340
43 339
43 333
44 332
44 327
45 326
45 323
46 322
46 315
47 314
47 313
48 312
48 305
47 305
46 304
4
41 349
27 346
35 302
49 305
65
106 302
105 303
104 303
103 304
103 305
102 306
102 312
101 313
101 316
100 317
100 323
99 324
99 327
98 328
98 329
97 330
97 331
96 332
96 337
95 338
95 348
94 349
94 354
93 355
93 360
92 361
92 364
93 365
93 366
95 368
96 368
97 369
108 369
109 368
109 361
108 360
108 359
107 358
107 349
109 347
115 347
115 344
116 343
116 341
117 340
117 338
118 337
118 331
117 330
117 329
116 328
116 326
114 324
114 320
117 317
117 314
118 313
118 307
117 306
117 305
116 305
115 304
114 304
113 303
107 303
19
118 310
117 316
114 319
113 325
118 331
117 336
117 342
110 347
107 347
105 368
96 367
93 363
94 360
96 348
97 336
99 323
101 308
110 300
110 303
36
135 292
134 293
133 293
132 294
132 295
131 296
131 299
133 301
141 301
142 302
144 302
145 303
152 303
153 304
154 304
155 305
159 305
159 304
160 303
160 299
161 298
161 294
160 293
159 293
158 294
156 294
155 295
151 295
150 294
149 295
145 295
144 294
142 294
141 293
139 293
138 292
4
161 305
131 304
131 292
161 293
68
226 288
224 290
220 290
219 291
218 291
217 292
216 292
215 293
215 296
216 297
217 297
218 298
220 298
221 299
231 299
232 300
233 300
234 301
234 304
232 306
232 313
231 314
231 320
230 321
230 324
229 325
229 327
228 328
228 329
226 331
226 332
225 333
225 335
227 337
232 337
233 338
240 338
242 336
242 333
241 332
240 332
239 331
238 331
237 330
237 325
239 323
241 323
242 324
244 324
244 323
245 322
245 313
246 312
246 305
245 304
244 305
241 305
240 304
240 300
241 299
241 295
240 294
239 294
238 293
236 293
235 292
232 292
228 288
24
230 292
236 296
239 296
241 304
244 307
247 317
243 324
239 322
236 323
238 332
242 334
240 338
236 335
231 337
224 332
233 318
230 307
233 306
234 303
228 298
222 300
215 295
214 292
218 295
56
187 271
186 272
186 273
183 276
180 276
179 277
178 277
177 278
176 278
175 279
175 280
174 281
174 288
173 289
173 296
172 297
172 307
171 308
171 309
170 310
170 311
171 312
171 314
173 316
175 316
176 315
176 310
179 307
182 307
183 306
185 306
186 305
188 305
189 304
190 304
190 301
192 299
192 297
193 296
193 293
194 292
194 289
195 288
195 287
197 285
197 281
198 280
198 278
197 277
196 277
195 276
193 276
192 275
191 275
189 273
189 271
16
194 278
196 281
195 287
192 290
190 304
184 303
178 308
177 314
174 313
172 310
172 307
175 284
176 278
179 279
185 274
185 274
43
46 251
45 252
44 252
44 253
43 254
43 255
42 256
42 262
41 263
41 270
40 271
40 279
39 280
39 281
38 282
38 285
39 286
39 287
40 288
40 289
44 289
45 290
53 290
53 289
56 286
56 283
55 282
55 278
56 277
56 271
57 270
57 269
58 268
58 262
59 261
59 257
58 256
58 255
56 253
55 253
54 252
49 252
48 251
4
55 291
37 289
42 250
60 252
92
486 249
485 250
484 250
483 251
482 251
481 252
481 253
480 254
480 265
479 266
479 269
478 270
478 280
477 281
477 284
476 285
476 292
475 293
475 298
474 299
474 305
473 306
473 308
472 309
472 310
471 311
471 320
470 321
470 328
469 329
469 330
468 331
468 338
467 339
467 347
465 349
465 354
464 355
464 360
463 361
463 364
462 365
463 366
463 367
465 369
466 369
467 370
475 370
475 367
476 366
476 365
477 364
477 357
478 356
478 354
479 353
479 349
480 348
480 344
481 343
481 333
482 332
482 327
483 326
483 322
484 321
484 318
485 317
485 313
486 312
486 305
487 304
487 294
488 293
488 290
489 289
489 287
490 286
490 280
491 279
491 271
492 270
492 263
493 262
493 256
494 255
494 253
493 252
493 251
492 250
491 250
490 249
4
476 372
461 369
481 248
496 250
40
244 231
243 232
243 233
242 234
242 235
241 236
241 240
240 241
240 250
239 251
239 254
238 255
238 262
237 263
237 268
238 269
240 269
241 270
243 270
244 271
253 271
253 269
254 268
254 261
255 260
255 248
256 247
256 246
258 244
258 242
259 241
259 235
258 235
257 234
256 234
255 233
254 233
253 232
251 232
250 231
4
253 273
235 269
242 230
260 233
96
418 222
417 223
416 223
416 224
415 225
415 234
414 235
414 236
415 237
415 238
416 239
417 239
418 240
423 240
425 238
428 238
428 237
429 236
432 236
433 237
436 237
437 238
437 242
436 243
436 246
435 247
435 250
436 251
436 257
435 258
435 259
434 260
434 261
433 262
433 273
432 274
432 276
431 277
431 285
430 286
430 291
429 292
429 295
428 296
428 304
427 305
427 307
426 308
426 315
425 316
425 321
427 323
428 323
429 324
437 324
437 323
438 322
438 320
439 319
439 310
440 309
440 308
441 307
441 298
442 297
442 296
443 295
443 282
444 281
444 275
445 274
445 270
446 269
446 265
447 264
447 263
448 262
448 251
449 250
449 248
450 247
450 233
449 233
448 232
447 233
443 233
442 232
437 232
436 231
436 225
435 225
434 224
431 224
430 223
422 223
421 222
30
436 230
436 233
448 233
446 263
445 268
442 271
441 295
440 298
440 307
437 310
436 319
436 322
428 321
425 318
428 315
430 285
431 276
434 273
435 265
435 259
435 247
436 239
434 238
431 238
428 238
424 241
418 240
416 237
416 228
416 225
45
163 222
162 223
161 223
161 224
158 227
157 227
155 229
155 230
153 232
153 233
152 234
152 239
151 240
151 241
150 242
150 244
149 245
149 247
150 248
150 249
152 251
160 251
161 252
162 252
164 254
166 254
167 255
172 255
173 256
175 256
176 255
177 255
178 254
178 248
179 247
179 242
178 241
178 238
179 237
179 231
177 229
177 226
174 223
169 223
168 222
4
178 257
148 252
153 220
183 224
62
372 219
371 220
372 221
372 223
370 225
369 225
366 228
365 228
365 230
366 231
368 231
369 232
370 232
371 233
372 233
373 234
376 234
377 235
384 235
385 236
386 236
387 237
387 246
386 247
382 247
381 248
380 248
380 249
379 250
379 255
380 256
380 264
379 265
379 266
380 267
380 268
395 268
395 267
396 266
396 263
395 262
395 255
399 251
403 251
403 250
404 249
404 240
405 239
405 232
404 231
397 231
396 230
390 230
389 231
386 231
385 230
385 225
384 224
384 221
383 220
382 220
381 219
21
386 225
385 231
393 232
405 233
404 250
398 249
395 252
395 258
394 267
383 266
380 266
381 248
384 245
387 245
387 241
382 234
370 233
367 230
364 230
371 224
374 222
39
108 206
107 207
106 207
105 208
105 209
104 210
104 212
103 213
103 216
102 217
102 226
101 227
101 241
102 242
102 244
103 245
103 246
104 247
109 247
110 246
111 246
112 245
112 244
114 242
115 242
115 237
114 236
114 226
115 225
115 221
114 220
114 217
115 216
115 210
114 209
114 208
113 207
110 207
109 206
4
101 247
101 206
115 206
115 247
154
309 203
307 205
307 206
306 207
306 208
305 209
305 215
304 216
296 216
295 215
294 216
293 216
293 217
292 218
292 227
291 228
291 230
290 231
290 232
289 233
289 240
288 241
288 246
287 247
287 248
286 249
286 257
285 258
285 260
284 261
284 270
283 271
283 280
282 281
282 286
284 288
292 288
293 289
293 292
292 293
292 300
293 301
293 302
294 303
294 304
305 304
306 305
308 305
309 306
314 306
315 307
324 307
325 308
327 308
328 309
329 309
330 310
337 310
338 311
346 311
347 312
352 312
353 313
356 313
357 314
364 314
366 312
366 299
365 299
364 298
361 298
360 297
355 297
354 296
348 296
347 295
345 295
344 294
333 294
332 293
327 293
326 292
321 292
320 291
314 291
313 290
306 290
305 289
301 289
297 285
297 279
298 278
298 277
299 276
299 266
300 265
300 260
301 259
301 251
302 250
302 240
303 239
303 237
302 236
302 234
304 232
304 231
305 230
305 228
306 227
306 218
308 216
311 216
312 217
314 217
316 219
327 219
330 222
330 224
331 225
331 226
332 227
342 227
343 228
349 228
350 227
350 226
351 225
351 222
350 221
350 220
349 220
348 219
347 219
346 218
345 218
344 219
343 219
342 220
339 220
338 219
338 214
337 214
335 212
335 208
334 207
333 207
332 206
331 206
330 205
325 205
324 204
319 204
318 203
48
319 205
333 206
333 209
338 216
338 219
341 222
344 220
347 220
350 223
349 229
331 227
326 221
317 219
315 219
312 216
306 221
305 227
303 239
302 254
298 283
303 289
317 291
332 293
341 294
347 295
365 297
363 312
360 311
327 307
319 306
316 306
305 305
296 303
293 300
294 288
286 287
283 284
285 264
286 258
287 249
290 246
291 238
293 226
294 220
297 217
306 218
307 212
307 206
56
223 195
221 197
219 197
218 198
217 198
215 200
214 200
213 201
212 201
211 202
206 202
204 204
204 205
203 206
203 208
204 209
206 209
207 210
209 210
210 211
214 211
215 210
216 210
217 209
223 209
224 210
231 210
232 211
234 211
236 213
238 213
239 214
242 214
243 213
252 213
253 212
253 210
252 209
252 207
251 206
250 206
249 205
248 205
247 204
242 204
241 203
236 203
235 202
235 201
234 200
234 199
232 197
230 197
229 196
227 196
226 195
14
209 203
212 203
222 195
230 196
235 202
247 204
252 209
249 212
237 211
228 210
220 209
211 208
208 211
205 207
7
499 198
498 198
496 196
496 193
498 191
499 191
499 190
4
496 198
496 190
499 190
499 198
56
114 173
113 174
112 174
112 175
111 176
111 178
110 179
110 182
111 183
111 184
112 185
112 186
113 187
117 187
118 188
123 188
124 189
136 189
137 190
138 190
139 191
140 191
141 192
143 192
144 193
150 193
150 192
151 191
153 191
154 192
154 194
156 194
157 193
157 190
156 190
155 191
151 191
150 190
150 189
149 188
149 186
148 185
148 180
147 179
141 179
140 178
139 178
138 179
135 179
132 176
130 176
129 175
122 175
121 174
117 174
116 173
4
157 195
109 186
111 172
159 181
28
443 167
439 171
439 172
437 174
437 175
439 175
440 176
441 176
442 177
447 177
449 179
450 179
451 180
454 180
455 181
461 181
462 182
473 182
474 181
475 181
475 171
474 170
467 170
466 169
461 169
460 168
449 168
448 167
4
475 184
436 178
438 165
477 170
59
60 167
58 169
58 173
57 174
57 176
56 177
56 183
55 184
55 186
54 187
54 193
53 194
53 197
52 198
52 204
51 205
51 212
50 213
50 217
49 218
49 222
48 223
48 229
47 230
47 235
48 236
48 237
52 237
53 238
60 238
61 237
61 234
62 233
62 229
63 228
63 222
64 221
64 216
65 215
65 211
66 210
66 208
67 207
67 201
68 200
68 194
69 193
69 191
70 190
70 187
71 186
71 185
72 184
72 178
73 177
73 169
72 168
71 168
70 167
4
61 240
44 236
58 165
75 168
78
341 150
340 151
339 151
339 152
338 153
338 155
337 156
337 157
336 158
336 159
337 160
337 161
338 162
338 163
351 163
352 164
355 164
357 166
362 166
363 167
375 167
376 168
377 168
378 169
380 169
381 170
394 170
395 171
400 171
401 172
402 172
403 173
405 173
406 174
417 174
418 175
424 175
425 174
427 174
428 175
431 175
431 171
430 170
430 166
429 165
428 165
427 164
424 164
423 163
421 163
420 162
409 162
408 161
405 161
404 160
399 160
398 159
395 159
394 158
387 158
386 157
381 157
380 156
375 156
374 155
372 155
371 154
370 155
367 155
366 154
365 154
364 153
359 153
358 152
353 152
352 151
347 151
346 150
4
431 178
335 163
338 149
433 164
38
0 163
3 163
4 164
10 164
11 165
17 165
20 168
22 168
23 169
31 169
32 170
44 170
45 169
46 169
46 164
45 163
45 161
44 161
43 160
42 160
41 159
41 158
40 157
39 158
36 158
33 155
32 155
31 154
29 154
28 153
24 153
23 152
19 152
18 151
17 151
16 150
7 150
6 149
4
45 175
0 163
4 147
49 158
24
342 114
341 115
340 115
338 117
338 121
337 122
337 126
336 127
336 134
356 134
357 133
357 129
356 129
355 128
350 128
349 127
346 127
344 125
344 123
347 120
348 120
346 118
346 117
343 114
4
336 134
336 114
357 114
357 134
95
241 97
240 98
239 98
238 99
237 99
237 100
236 101
236 104
235 105
235 110
234 111
234 119
235 120
235 121
236 121
237 122
238 122
240 124
244 124
245 125
248 125
249 126
250 126
251 127
251 129
250 130
248 130
246 132
246 133
245 134
245 135
246 136
246 140
245 141
245 143
244 144
244 149
245 150
245 151
246 152
247 152
249 154
256 154
257 155
260 155
261 156
266 156
267 155
267 154
269 152
269 151
270 150
270 145
273 142
273 141
274 140
274 139
275 138
275 135
274 135
273 134
271 134
270 133
266 133
265 132
264 132
263 131
261 131
260 130
259 131
253 131
252 130
252 128
253 127
257 127
258 126
258 123
260 121
260 114
262 112
262 111
263 110
263 108
264 107
264 102
263 102
262 101
257 101
256 100
254 100
253 99
245 99
244 98
243 98
242 97
29
247 100
253 98
263 104
264 107
260 114
261 117
257 125
254 126
253 129
256 131
262 129
273 134
274 137
269 149
266 150
262 157
248 150
244 148
246 144
244 138
248 131
251 130
253 126
249 125
248 122
239 125
232 121
241 102
240 99
102
307 95
305 97
304 97
303 98
303 99
302 100
302 102
301 103
301 105
302 106
302 116
301 117
301 120
300 121
300 123
301 124
301 130
299 132
299 133
298 134
298 139
297 140
297 147
296 148
296 155
295 156
295 157
296 158
296 159
297 160
297 161
298 162
301 162
303 164
304 164
305 165
307 165
307 164
309 162
309 161
310 160
310 158
311 157
313 157
314 158
314 165
315 166
315 167
316 167
317 168
324 168
325 169
326 169
327 170
329 170
330 169
330 168
331 167
331 165
330 164
330 160
329 159
329 157
327 155
327 154
326 154
325 153
324 153
323 152
322 152
321 151
320 151
319 150
318 151
316 151
315 152
312 152
311 151
311 148
312 147
312 144
313 143
313 139
314 138
314 133
316 131
317 131
319 129
319 126
320 125
320 117
321 116
321 111
323 109
323 102
320 99
320 98
319 97
318 97
317 96
316 96
315 95
27
313 96
316 96
324 106
323 109
320 112
319 117
318 129
311 134
310 149
312 152
319 147
327 157
330 160
329 169
317 168
310 158
309 161
306 163
303 163
303 160
300 163
295 156
297 135
300 133
304 104
304 101
304 98
41
127 93
126 94
125 94
125 95
124 96
124 101
123 102
123 107
122 108
122 112
121 113
121 116
120 117
120 126
119 127
119 129
118 130
118 139
119 140
120 140
121 141
125 141
126 142
136 142
136 130
135 130
133 128
133 115
134 114
134 110
135 109
135 108
137 106
137 105
138 104
138 102
137 101
137 95
136 94
135 94
134 93
4
136 143
117 142
120 92
139 93
69
393 90
391 92
391 94
390 95
390 100
391 101
391 102
398 102
399 103
401 103
402 104
405 104
407 106
413 106
414 107
425 107
426 108
430 108
432 110
435 110
436 111
443 111
444 110
447 110
448 111
451 111
452 112
455 112
457 114
458 114
459 115
485 115
485 114
486 113
486 105
485 105
484 104
482 104
481 103
473 103
472 102
468 102
467 101
462 101
461 100
460 100
459 99
459 97
458 97
457 96
454 99
446 99
445 98
439 98
438 97
435 97
434 96
431 96
430 95
425 95
424 94
418 94
417 93
410 93
409 92
406 92
405 91
396 91
395 90
20
397 90
430 96
443 98
452 100
456 98
458 101
476 103
482 104
487 111
480 116
459 112
450 111
444 110
436 108
425 106
407 103
404 103
395 102
389 101
393 99
16
369 89
369 90
368 91
368 99
369 100
369 101
370 102
375 102
376 103
383 103
383 92
382 91
381 91
380 90
378 90
377 89
4
368 103
368 89
383 89
383 103
84
164 82
162 84
162 85
161 86
161 88
160 89
160 92
159 93
159 97
158 98
158 110
157 111
157 116
156 117
157 118
157 119
159 121
172 121
173 122
176 122
177 123
194 123
194 119
196 117
197 117
199 115
199 113
200 112
200 111
201 110
201 109
203 107
206 107
207 108
207 116
206 117
206 121
205 122
205 123
204 124
205 125
205 126
206 127
206 128
207 128
208 129
209 129
211 131
215 131
216 130
216 128
217 127
217 126
218 125
218 114
219 113
219 111
220 110
220 107
221 106
221 105
222 104
222 99
223 98
223 93
221 91
215 91
214 90
211 90
210 89
206 89
205 88
200 88
199 87
193 87
192 86
185 86
184 85
179 85
178 84
175 84
174 83
170 83
169 82
24
169 82
172 85
178 86
221 94
223 98
220 100
217 114
215 123
218 126
214 129
205 127
203 124
204 118
206 109
203 105
200 108
199 114
192 119
191 124
159 118
157 115
157 112
160 101
162 89
78
489 43
488 44
486 44
484 46
484 53
485 54
485 57
483 59
482 59
482 60
481 61
481 67
480 68
480 71
479 72
479 73
478 74
478 77
479 78
479 79
483 79
484 80
493 80
493 73
494 72
494 69
495 68
495 59
494 58
494 56
495 55
495 54
497 52
499 52
499 51
498 52
497 52
495 54
495 55
494 56
494 58
495 59
495 68
494 69
494 72
493 73
493 79
492 80
484 80
483 79
480 79
478 77
478 74
479 73
479 72
480 71
480 68
481 67
481 61
484 58
485 58
485 54
484 53
484 46
486 44
488 44
489 43
493 43
494 44
495 44
497 46
499 46
498 46
497 45
496 45
495 44
494 44
493 43
26
484 48
484 51
483 60
482 63
481 72
479 77
487 79
491 76
491 73
492 71
495 57
496 54
495 57
492 71
491 73
490 79
479 77
480 74
481 69
482 63
483 54
485 45
488 46
489 43
494 44
492 44
30
420 39
419 40
418 40
418 41
417 42
417 43
416 44
416 51
415 52
415 55
414 56
414 65
415 66
415 67
417 67
418 68
430 68
430 60
429 59
429 57
430 56
430 51
426 47
426 46
425 45
425 42
424 41
423 41
422 40
421 40
4
414 68
414 39
430 39
430 68
33
187 39
185 41
185 44
184 45
184 52
183 53
184 54
184 55
186 55
187 54
191 54
193 56
196 56
197 57
200 57
201 56
201 55
203 53
204 53
204 50
205 49
209 49
209 46
208 46
207 45
206 45
205 44
205 42
204 41
199 41
198 40
196 40
195 39
4
208 59
182 55
185 37
210 41
47
339 11
338 12
334 12
333 13
332 13
330 15
330 32
331 33
331 34
333 36
335 36
336 37
336 46
337 47
337 48
338 49
338 50
339 50
340 51
343 51
345 53
349 53
350 54
352 54
353 53
355 53
355 47
356 46
356 42
357 41
357 35
352 30
352 29
351 28
351 26
352 25
352 23
351 22
351 20
350 19
349 19
346 16
346 13
345 13
344 12
343 12
342 11
15
344 14
345 17
346 19
350 21
352 27
356 37
350 52
347 53
336 48
338 44
335 36
331 34
328 30
333 18
332 15
33
180 8
179 9
179 10
178 11
178 12
176 14
175 14
175 15
174 16
174 18
173 19
173 21
172 22
172 29
173 30
173 31
177 31
178 32
185 32
186 33
188 33
189 34
195 34
197 32
197 26
192 26
191 25
191 17
190 16
190 11
188 9
187 9
186 8
4
172 34
172 8
197 8
197 34
67
284 2
283 3
282 3
281 4
281 5
280 6
280 16
279 17
279 22
278 23
278 28
277 29
277 32
276 33
276 41
275 42
275 44
274 45
274 50
273 51
273 57
272 58
272 65
271 66
271 71
272 72
272 73
273 74
275 74
276 75
281 75
281 73
283 71
284 71
284 69
286 67
286 63
287 62
287 59
286 58
286 55
288 53
288 52
289 51
289 49
285 49
282 46
282 43
284 41
287 41
288 40
289 40
289 30
290 29
290 28
292 26
292 24
293 23
293 11
292 10
292 5
291 5
290 4
289 4
288 3
286 3
285 2
4
285 76
269 74
281 1
296 4
9
499 25
495 25
494 24
493 24
490 21
490 17
489 16
489 10
490 9
4
494 28
485 12
490 9
499 25
11
439 0
439 6
437 8
434 8
433 9
430 9
429 8
428 8
425 5
425 4
424 3
4
426 10
424 3
439 0
440 8
14
175 0
176 0
177 1
181 1
182 2
185 2
186 1
186 0
185 0
185 1
184 2
182 2
181 1
181 0
4
186 2
175 2
175 0
186 0
