500
500
68
10
199 499
199 498
198 497
198 496
197 495
197 494
196 494
195 493
193 493
192 492
4
199 499
192 492
194 491
201 498
3
1 499
1 493
0 492
4
1 499
0 492
1 492
2 499
2
292 485
292 486
4
292 485
292 485
292 486
292 486
1
173 484
4
173 484
173 484
173 484
173 484
1
171 484
4
171 484
171 484
171 484
171 484
1
292 483
4
292 483
292 483
292 483
292 483
6
176 483
177 484
176 485
175 485
177 485
177 483
4
175 485
175 483
177 483
177 485
24
82 480
81 481
73 481
72 482
70 482
66 486
66 490
67 491
66 492
67 493
67 495
68 496
68 497
70 497
74 493
76 493
77 492
80 492
81 491
82 491
84 489
84 485
83 484
83 480
4
68 498
62 486
81 476
87 488
31
232 499
232 493
231 492
231 489
232 488
231 487
231 485
234 482
235 482
236 481
239 481
240 480
242 480
243 481
244 480
248 480
249 479
251 481
251 482
252 483
252 484
251 485
252 486
252 487
251 488
251 490
250 491
250 492
249 493
250 494
250 499
4
231 499
231 479
252 479
252 499
31
26 499
26 496
25 495
25 493
24 492
24 488
23 487
24 486
24 483
29 478
31 478
32 479
33 478
34 478
37 481
37 482
38 483
38 484
37 485
38 486
38 487
39 488
39 490
40 491
39 492
39 493
40 494
40 496
41 497
41 498
42 499
4
27 503
21 480
36 476
42 499
2
133 465
134 465
4
133 465
133 465
134 465
134 465
8
476 446
475 446
474 445
474 444
475 443
476 443
478 445
479 445
4
477 448
473 445
475 442
479 445
134
133 463
132 463
131 464
130 464
129 463
125 463
124 464
117 464
116 465
115 464
114 465
113 465
112 466
111 466
110 467
109 467
109 468
110 467
113 470
111 472
109 472
108 473
107 473
106 474
107 475
107 476
106 477
106 478
105 479
105 482
106 483
106 484
107 485
107 488
111 492
111 493
113 493
114 492
115 492
115 491
116 490
116 489
117 488
119 488
120 487
122 487
123 488
124 487
125 487
126 486
128 486
129 485
134 485
135 486
136 485
137 485
138 484
139 484
140 483
143 483
144 484
145 484
146 483
147 483
148 484
148 485
147 486
147 488
148 489
148 491
149 492
150 492
151 493
153 493
154 492
155 492
157 490
158 490
159 489
163 489
165 487
165 486
164 485
164 484
163 484
162 483
160 483
159 484
155 484
154 485
153 485
151 483
153 481
159 481
160 480
171 480
172 481
173 480
174 480
175 479
176 479
177 478
178 478
179 477
180 477
181 476
190 476
191 477
191 479
193 479
193 478
194 477
198 477
199 476
199 475
200 474
199 473
199 470
200 469
200 465
201 464
201 462
200 461
200 456
201 455
200 454
200 451
199 450
200 449
200 447
199 446
199 445
198 444
195 444
16
110 471
115 467
134 464
197 448
197 448
199 477
156 482
156 484
161 483
163 488
152 491
149 490
147 480
122 486
117 494
110 489
21
224 431
223 432
223 435
224 436
223 437
223 438
224 439
224 440
225 441
225 442
226 443
226 447
231 447
232 446
232 443
233 442
232 441
232 434
231 433
231 432
230 431
4
224 448
222 431
232 430
234 447
18
499 442
496 442
495 443
493 443
492 442
492 440
493 439
493 437
494 436
493 435
494 434
494 433
495 432
495 429
497 427
498 428
498 429
499 430
4
492 443
492 427
499 427
499 443
37
71 427
69 429
69 432
70 433
70 434
69 435
70 436
70 437
71 438
71 439
70 440
70 444
71 445
71 447
72 448
72 454
73 455
76 455
77 454
77 453
78 452
78 449
79 448
78 447
78 445
79 444
78 443
78 442
77 441
77 436
75 434
75 433
74 432
74 431
73 430
73 428
72 427
4
72 456
67 428
75 426
81 454
88
259 499
260 499
261 498
263 498
263 497
264 496
264 495
266 493
266 492
267 491
267 490
266 489
266 483
265 482
265 475
264 474
264 472
263 471
263 464
262 463
262 461
263 460
262 459
262 458
261 457
261 452
260 451
261 450
261 448
260 447
260 443
259 442
259 441
258 440
258 433
261 430
262 430
263 431
264 430
267 430
268 429
269 429
269 428
272 425
273 425
276 428
275 429
275 431
273 433
273 434
272 435
272 436
273 437
273 439
272 440
273 441
273 442
274 443
274 445
275 446
274 447
274 448
275 449
275 451
276 452
275 453
276 454
276 458
277 459
276 460
277 461
277 462
278 463
278 474
279 475
279 478
280 479
280 480
279 481
279 482
280 483
280 484
281 485
281 490
282 491
282 492
283 493
283 499
5
282 496
270 424
263 435
268 490
261 497
59
294 484
295 483
296 484
296 485
297 486
297 487
298 488
300 488
300 482
299 481
299 480
300 479
300 476
301 475
300 474
300 473
301 472
300 471
300 465
301 464
301 463
302 462
303 462
304 461
304 460
306 458
307 458
308 459
309 459
310 458
311 458
312 457
313 457
314 456
313 455
314 454
316 454
318 452
318 448
317 447
318 446
318 445
319 444
318 443
318 439
319 438
319 436
316 433
316 431
315 431
314 430
312 430
310 428
310 426
309 425
309 424
308 423
308 422
307 421
6
298 485
307 421
317 435
316 452
302 464
300 486
19
188 414
187 415
187 420
188 421
188 423
189 424
189 425
190 426
190 428
191 429
192 429
192 428
191 429
190 428
190 425
188 423
188 421
187 420
187 415
4
190 430
185 415
188 414
192 429
170
361 413
360 414
358 414
357 415
356 415
355 416
354 416
350 420
350 421
349 422
349 424
348 425
348 427
349 428
349 429
350 430
352 430
354 432
354 434
355 435
356 435
357 436
358 436
359 437
359 438
358 439
359 440
358 441
358 443
357 444
357 446
355 448
355 449
354 450
354 451
351 454
350 453
349 454
348 454
347 455
346 454
342 454
341 455
340 455
339 456
339 459
338 460
338 464
334 468
331 468
330 469
329 468
327 468
326 469
325 469
324 470
312 470
311 471
309 471
308 472
307 472
307 474
306 475
306 476
305 477
305 479
306 480
306 482
305 483
306 484
306 486
307 487
306 488
307 489
307 491
308 492
308 495
309 496
309 498
313 498
314 497
315 497
317 495
317 494
319 492
320 492
321 491
324 491
325 490
329 490
330 489
331 489
332 488
334 488
335 487
341 487
342 486
342 485
343 484
345 484
346 485
347 484
348 485
349 485
350 486
351 486
352 485
356 485
357 484
358 485
359 484
360 484
361 483
361 482
362 481
361 480
361 475
360 474
360 472
359 471
359 468
358 467
358 466
357 466
355 464
355 462
357 460
366 460
367 461
370 461
371 460
372 460
373 459
377 459
378 460
379 460
380 461
381 461
382 460
382 459
383 458
382 457
382 455
381 454
381 452
380 451
380 450
379 449
379 447
378 446
378 443
377 442
377 440
378 439
378 438
377 437
377 434
376 433
376 430
375 429
375 423
374 422
374 419
373 418
373 417
371 415
370 415
369 414
368 414
367 413
14
380 459
356 463
360 482
345 487
312 495
305 472
334 465
342 454
351 457
359 435
348 430
351 419
361 413
371 417
72
499 456
498 457
496 457
495 458
494 457
493 458
488 458
487 459
483 459
482 460
481 460
480 461
478 461
477 460
476 461
473 461
472 462
471 461
467 461
466 462
465 462
464 463
461 463
460 464
454 464
452 462
452 460
451 459
451 457
450 456
450 452
449 451
449 450
448 449
448 447
447 446
447 438
446 437
446 434
445 433
445 428
444 427
445 426
445 421
446 420
451 420
452 419
460 419
461 418
462 418
463 417
464 417
465 418
466 417
467 417
468 416
469 417
471 417
472 416
473 416
474 415
475 416
476 415
477 415
478 414
484 414
485 413
490 413
491 412
496 412
497 411
499 411
5
497 412
445 421
449 444
453 464
497 455
3
187 410
188 411
188 412
4
188 412
187 410
187 410
188 412
4
184 407
184 410
185 409
184 408
4
184 410
184 407
185 407
185 410
8
192 425
192 419
191 418
191 414
190 413
190 410
189 409
189 404
4
192 425
188 404
189 404
193 425
83
92 403
91 404
90 404
89 405
89 408
88 409
88 415
89 416
89 418
90 419
90 420
91 421
91 422
90 423
91 424
91 425
92 426
92 427
91 428
91 430
92 431
92 438
93 439
93 440
92 441
92 448
93 449
93 453
94 454
94 457
93 458
94 459
94 460
95 460
96 461
97 460
98 460
100 458
102 458
103 459
105 459
106 458
108 458
108 457
109 456
108 455
109 454
109 449
108 448
108 445
107 444
107 443
108 442
107 441
108 440
108 439
107 438
108 437
108 436
109 435
109 433
108 432
108 429
107 428
107 427
106 426
106 421
107 420
107 419
109 417
109 416
110 415
110 409
109 408
109 407
108 406
108 405
107 404
104 404
103 403
101 403
100 404
99 403
7
107 413
107 423
106 455
99 462
91 408
97 407
99 402
122
167 389
166 390
164 390
163 391
162 391
161 390
157 390
156 391
151 391
150 392
149 392
148 393
147 393
146 394
141 394
140 395
139 395
137 397
137 399
138 400
138 401
139 401
142 404
141 405
141 406
142 407
142 408
143 409
151 409
154 412
154 414
155 415
155 422
154 423
154 424
151 427
150 427
149 428
142 428
141 429
139 429
138 430
128 430
127 431
125 431
124 432
123 432
123 435
122 436
122 437
121 438
121 440
120 441
120 446
121 447
121 448
122 449
122 452
123 453
124 453
125 454
126 453
129 453
130 452
132 452
133 451
133 450
135 448
137 448
138 447
139 448
140 447
141 447
142 446
146 446
147 445
149 445
150 444
153 444
154 445
155 444
158 444
159 443
160 443
161 442
165 442
166 441
167 442
168 442
169 441
172 441
173 440
174 440
175 439
175 438
176 437
176 435
175 434
176 433
176 432
175 431
175 427
174 426
174 421
173 420
173 419
172 418
172 416
171 415
172 414
172 413
171 412
171 411
170 410
170 403
169 402
169 398
168 397
168 395
169 394
169 390
168 390
9
174 439
126 450
122 432
152 425
155 422
154 416
143 408
141 398
167 390
49
96 386
95 387
92 387
91 388
90 388
89 387
88 388
87 388
86 389
84 389
83 390
83 392
84 393
84 394
83 395
84 396
84 397
86 399
87 399
88 400
89 399
92 399
93 398
94 398
95 399
96 398
103 398
104 399
105 398
107 398
108 397
109 397
110 396
113 396
115 394
115 393
116 392
116 391
115 390
115 389
114 389
113 388
112 388
111 389
110 388
104 388
102 386
98 386
97 387
4
83 400
82 387
116 385
116 398
12
108 368
107 369
105 369
105 370
107 372
108 372
109 373
110 372
111 372
111 370
110 369
109 369
4
110 374
104 371
106 367
112 370
9
103 368
102 369
100 367
100 366
99 365
99 362
97 360
88 360
87 359
4
102 369
87 359
89 355
105 365
66
0 465
1 466
2 465
4 465
5 464
6 464
7 463
12 463
13 462
15 462
17 460
18 460
19 459
20 459
20 458
21 457
21 456
22 455
22 449
21 448
21 447
19 445
19 441
20 440
19 439
20 438
20 437
19 436
19 435
18 434
18 429
17 428
17 425
18 424
18 423
17 422
17 420
16 419
16 418
14 416
14 415
13 414
13 413
12 412
12 411
11 410
11 400
12 399
12 397
11 396
11 395
9 393
9 391
8 390
9 389
9 388
8 387
8 386
7 385
7 377
6 376
6 367
3 364
3 362
1 360
1 359
4
4 362
7 370
24 457
2 464
18
177 343
176 344
175 344
174 345
174 348
175 349
175 350
176 351
176 353
180 353
180 352
181 351
181 350
182 349
182 346
181 345
181 344
180 343
4
174 353
174 343
182 343
182 353
106
161 342
160 343
159 343
158 344
156 344
155 345
154 344
152 344
151 345
150 345
149 346
148 345
147 345
146 344
144 344
143 345
139 345
138 346
135 346
134 347
133 347
132 348
131 347
130 347
129 348
125 348
124 349
121 349
120 348
114 348
113 349
112 349
111 350
111 351
110 352
110 354
111 355
111 359
112 360
112 363
113 364
113 365
114 365
115 366
116 365
117 365
118 366
119 365
120 365
121 364
122 365
123 365
125 367
125 368
126 369
126 378
127 379
127 385
128 386
128 387
127 388
128 389
128 390
129 391
133 391
134 392
135 391
136 391
137 390
140 390
141 389
144 389
145 388
150 388
151 387
152 387
153 386
157 386
158 385
159 385
160 384
161 384
161 383
163 381
164 381
164 380
165 379
165 378
168 375
168 365
166 363
165 363
164 362
164 360
166 358
167 358
168 357
168 354
167 353
168 352
168 349
167 348
167 344
166 343
165 343
164 342
10
169 357
161 360
167 374
164 381
130 389
127 368
122 364
114 365
113 352
163 344
16
42 334
41 335
41 336
42 337
42 338
43 339
43 340
45 342
49 342
50 341
52 341
52 337
48 337
46 335
45 335
44 334
4
41 342
41 334
52 334
52 342
353
310 327
309 328
307 328
306 329
305 328
304 328
303 329
302 329
302 330
301 331
301 332
302 333
302 334
303 335
303 341
304 342
304 346
303 347
301 347
300 348
298 346
298 345
297 345
295 343
295 342
294 341
294 338
293 337
293 334
292 334
291 333
290 334
288 334
287 335
286 334
285 334
284 335
282 335
281 336
280 336
279 335
278 336
277 336
276 337
274 337
273 336
272 336
271 337
270 337
269 338
265 338
265 339
264 340
264 341
265 342
265 349
266 350
266 351
267 352
267 354
266 355
268 357
272 357
273 356
274 356
275 355
279 355
280 354
286 354
287 355
289 355
290 354
291 354
292 353
295 353
296 352
298 352
299 351
301 351
302 350
303 350
305 352
305 353
306 354
305 355
305 356
306 357
306 358
307 359
306 360
306 362
307 363
307 364
308 365
308 366
307 367
307 368
308 369
308 372
309 373
309 377
310 378
310 381
311 382
311 392
310 393
308 393
307 394
306 394
305 395
304 395
303 394
302 394
301 395
298 395
296 393
296 392
295 391
295 390
293 388
293 377
292 376
293 375
293 373
292 372
292 371
291 370
291 367
290 367
289 366
287 366
286 365
285 365
284 364
283 364
282 365
281 365
280 366
277 366
277 370
278 371
277 372
278 373
278 374
279 375
278 376
278 382
279 383
279 384
280 385
280 386
281 387
281 388
282 389
282 390
283 391
283 393
282 394
282 397
281 398
279 398
278 399
277 399
276 400
275 399
274 400
272 400
271 401
267 401
266 400
266 398
265 397
265 396
264 395
264 394
265 393
265 392
264 391
264 385
263 384
263 381
262 380
262 374
261 373
261 372
262 371
262 370
261 369
261 367
260 366
261 365
261 364
260 363
260 362
259 361
259 360
258 359
258 357
259 356
259 355
258 354
258 353
257 352
257 349
258 348
257 347
257 346
256 345
256 342
255 341
255 340
253 338
250 338
249 337
248 338
246 338
245 339
243 339
242 340
242 346
243 347
243 348
244 349
244 350
243 351
244 352
244 358
245 359
245 361
246 362
246 363
247 364
246 365
246 368
247 369
247 373
248 374
247 375
247 376
248 377
248 378
249 379
249 380
250 381
249 382
250 383
250 386
251 387
251 389
250 390
250 396
251 397
251 399
252 400
251 401
251 404
250 405
250 407
249 408
250 409
250 412
251 413
251 416
252 417
260 417
261 416
263 416
264 415
272 415
273 414
276 414
277 413
281 413
282 412
288 412
289 411
292 411
293 410
294 410
295 411
296 410
300 410
301 409
305 409
306 408
311 408
312 407
314 407
315 408
316 407
317 407
318 406
319 407
320 407
321 406
322 406
323 405
326 405
327 406
328 405
329 405
330 404
334 404
334 398
333 397
333 396
334 395
334 394
333 393
333 392
332 391
331 391
330 390
329 390
328 391
327 391
325 389
326 388
326 387
325 386
325 385
324 384
325 383
324 382
324 377
325 376
324 375
324 372
323 371
323 369
322 368
322 358
323 357
323 355
322 354
322 352
321 351
321 350
317 346
317 338
316 337
317 336
317 334
318 333
317 332
318 331
317 330
317 329
316 328
315 328
314 327
313 328
312 327
24
326 388
330 391
332 403
254 415
243 339
250 337
257 342
265 395
272 400
280 399
283 394
279 367
288 366
292 389
296 392
310 390
302 354
272 360
267 341
293 333
300 352
303 346
299 332
313 328
75
486 326
485 327
484 327
483 328
483 329
482 330
482 332
481 333
480 333
479 334
478 334
477 335
475 335
474 334
473 335
470 335
469 336
467 336
466 337
465 336
462 336
461 337
460 337
459 338
458 337
456 337
455 336
455 335
454 334
454 333
453 333
452 332
451 333
448 333
447 334
445 334
445 340
446 341
446 344
447 345
447 346
453 352
457 352
458 353
459 352
461 352
462 351
466 351
467 352
468 351
469 351
470 350
473 350
474 349
477 349
478 348
487 348
488 347
490 347
491 346
492 346
493 345
493 344
492 343
492 337
493 336
493 335
494 334
494 329
493 328
493 327
492 327
491 326
490 327
487 327
8
491 344
461 352
445 342
451 334
458 339
479 335
485 326
492 330
130
408 303
407 304
402 304
401 305
400 305
400 306
399 307
399 308
398 309
398 310
399 311
399 314
400 315
400 316
401 317
401 319
400 320
401 321
401 327
402 328
402 330
403 331
403 332
404 333
404 334
403 335
403 337
404 338
403 339
404 340
404 342
405 343
405 344
406 345
406 355
407 356
407 357
408 358
408 366
409 367
409 370
410 371
410 376
411 377
411 379
412 380
411 381
412 382
412 383
411 384
412 385
412 386
413 387
413 388
414 389
413 390
413 392
414 393
414 394
415 395
414 396
414 398
415 399
415 400
416 401
424 401
425 400
426 401
427 401
428 400
429 400
429 392
428 391
428 389
427 388
427 387
428 386
427 385
428 384
427 383
427 382
426 381
427 380
426 379
426 376
425 375
425 371
424 370
424 369
423 368
424 367
423 366
423 363
422 362
422 361
423 360
422 359
423 358
422 357
422 354
421 353
421 351
420 350
420 349
421 348
420 347
420 342
419 341
420 340
419 339
419 337
418 336
418 332
417 331
418 330
418 328
417 327
417 323
416 322
416 321
415 320
416 319
416 318
415 317
415 307
414 306
414 305
413 304
410 304
409 303
4
414 403
397 305
414 302
431 400
12
423 292
423 294
422 295
422 299
425 302
426 302
427 303
429 303
429 296
428 295
428 294
426 292
4
422 303
422 292
429 292
429 303
94
132 286
131 287
127 287
126 288
123 288
122 289
120 289
119 290
119 292
118 293
118 296
119 297
119 298
120 299
120 301
121 302
121 304
122 305
122 311
123 312
123 314
124 315
124 316
123 317
124 318
123 319
124 320
124 321
125 322
125 325
126 326
126 327
125 328
125 330
124 331
123 330
121 332
121 333
122 334
122 336
121 337
122 338
122 339
123 340
125 340
126 339
126 338
129 335
130 335
131 336
134 336
135 337
145 337
147 335
147 334
148 333
148 332
149 331
149 330
148 329
148 328
147 327
147 326
145 324
145 322
144 321
144 318
143 317
143 314
142 313
142 311
141 310
141 309
140 308
140 306
141 305
141 304
140 303
140 302
139 301
140 300
140 297
141 296
140 295
140 293
141 292
140 291
140 289
139 288
139 287
138 287
137 286
136 287
133 287
9
149 331
144 336
129 337
123 338
122 332
127 325
121 292
120 290
135 287
46
238 278
237 279
235 279
234 280
233 280
232 281
231 281
230 282
230 283
229 284
228 284
227 285
225 285
224 286
224 287
223 288
223 291
224 292
224 293
227 296
228 296
229 297
230 297
231 296
241 296
242 297
243 296
244 296
245 295
247 295
249 293
248 292
248 291
247 290
248 289
247 288
247 287
246 286
246 285
247 284
247 283
246 282
246 281
244 279
243 279
242 278
4
225 300
221 281
246 276
250 295
47
49 274
48 275
47 275
46 276
45 276
44 275
43 275
42 276
40 276
37 279
37 280
36 281
36 282
35 283
35 284
34 285
34 290
35 291
35 292
36 293
36 295
38 295
39 296
40 296
42 298
42 299
45 302
50 302
51 301
53 301
54 300
54 299
55 298
54 297
54 293
53 292
53 286
55 284
55 283
56 282
56 281
57 280
57 278
56 277
56 276
55 275
50 275
4
54 303
32 301
35 272
58 275
12
436 262
435 263
435 265
441 265
442 264
443 264
443 262
441 262
440 263
439 263
438 262
437 263
4
435 265
435 262
443 262
443 265
54
457 257
456 258
455 258
454 259
453 259
453 262
452 263
453 264
453 265
452 266
452 268
453 269
453 271
454 272
454 273
451 276
450 276
450 277
449 278
449 280
450 281
449 282
449 283
450 284
450 286
451 286
452 287
454 285
453 284
454 283
453 282
453 279
454 278
454 276
455 275
458 275
459 276
460 276
461 275
462 275
463 274
466 274
468 272
468 269
467 268
467 267
466 266
466 263
467 262
466 261
466 260
464 258
463 258
462 257
7
467 271
454 273
455 283
450 279
455 271
453 260
464 258
8
474 256
473 257
473 259
474 260
475 259
478 259
478 257
475 257
4
473 260
473 256
478 256
478 260
229
152 256
151 257
150 257
149 258
144 258
143 259
142 258
141 259
136 259
135 260
131 260
130 261
129 261
128 260
127 261
124 261
123 262
117 262
116 261
115 262
114 262
113 263
112 263
111 264
106 264
105 265
104 265
103 266
102 266
101 265
100 266
95 266
94 267
93 267
92 268
91 268
90 267
89 267
88 268
83 268
82 269
81 269
80 270
79 270
78 269
77 270
76 270
75 271
74 270
72 270
71 271
69 271
68 272
68 276
69 277
69 280
70 281
70 282
69 283
70 284
70 285
71 286
70 287
70 290
69 291
70 292
70 293
71 294
71 296
72 297
72 301
73 302
73 305
74 306
74 307
73 308
73 309
74 310
74 311
75 312
75 313
76 314
77 314
78 315
79 314
81 314
82 313
83 313
84 312
87 312
88 313
91 313
92 312
94 312
95 311
98 311
99 310
105 310
106 309
106 308
107 307
107 306
106 305
106 301
105 300
105 299
104 298
104 293
103 292
103 290
104 289
104 288
103 287
103 286
102 285
105 282
108 282
109 281
111 281
112 282
114 282
115 281
116 281
117 282
118 281
119 281
122 278
123 278
124 277
125 278
128 278
129 277
130 277
131 276
134 276
135 277
136 276
137 276
138 275
139 276
142 276
143 277
145 277
147 279
147 286
148 287
148 288
149 289
149 292
150 293
150 294
151 295
151 301
152 302
152 304
151 305
151 306
152 307
152 308
153 309
153 313
152 314
152 315
153 316
153 317
154 318
154 320
153 321
155 323
157 323
158 324
159 323
160 324
163 324
164 325
163 326
162 326
164 326
164 325
163 324
164 323
165 323
167 321
167 320
168 319
168 315
169 314
168 313
168 309
167 308
167 304
166 303
166 301
167 300
167 297
166 296
167 295
167 294
168 293
168 292
169 291
169 287
168 286
168 284
167 284
165 282
165 281
164 280
164 279
165 278
165 276
164 275
164 274
163 273
163 271
160 268
160 267
161 266
161 264
160 263
160 261
159 260
159 259
158 259
157 258
156 258
155 257
154 257
153 256
12
168 285
170 315
162 326
153 319
145 283
139 278
102 285
106 308
76 312
70 270
154 257
156 259
85
93 228
92 229
90 229
89 230
88 230
87 231
86 231
85 232
83 232
82 233
81 232
78 232
77 233
76 233
75 234
74 233
72 233
71 234
70 234
69 233
66 233
65 234
64 234
63 233
62 233
61 234
60 234
58 236
59 237
59 238
58 239
58 240
59 241
59 243
60 244
59 245
60 246
60 249
61 250
61 252
65 252
67 250
68 251
69 251
70 250
71 250
72 249
73 250
74 249
75 249
76 248
77 249
79 249
80 248
81 249
82 248
83 248
84 247
85 248
87 248
88 247
89 248
90 247
91 247
92 246
98 246
99 245
102 245
103 244
102 243
102 242
103 241
102 240
102 238
101 237
102 236
101 235
101 234
100 233
100 230
99 229
99 228
96 228
95 229
94 228
4
60 253
57 234
101 227
104 246
220
325 227
324 228
322 228
321 229
320 229
319 230
318 230
317 231
317 235
316 236
316 237
315 238
316 239
315 240
316 241
316 242
317 243
316 244
316 245
317 246
317 247
318 248
318 251
319 252
319 253
320 254
320 258
321 259
321 261
320 262
320 263
321 264
321 269
322 270
322 271
323 272
322 273
323 274
323 275
324 276
324 288
325 289
325 294
326 295
326 297
327 298
327 299
328 300
328 306
329 307
329 309
328 310
328 311
329 312
329 317
330 318
330 322
331 323
331 324
333 326
333 327
334 328
335 328
336 329
337 328
342 328
344 330
344 331
345 332
345 335
346 336
346 340
347 341
347 343
348 344
347 345
348 346
347 347
347 348
348 349
348 353
349 354
349 355
350 356
349 357
350 358
350 362
351 363
351 367
352 368
352 370
353 371
353 377
354 378
354 379
353 380
353 381
354 382
354 384
355 385
355 387
356 388
355 389
356 390
356 391
355 392
355 393
356 394
355 395
356 396
356 398
357 399
357 400
359 400
360 401
361 401
362 402
363 401
364 401
365 400
368 400
369 399
370 399
370 397
371 396
371 394
370 393
370 390
369 389
369 386
368 385
369 384
369 381
368 380
368 379
367 378
367 377
368 376
367 375
367 373
366 372
367 371
366 370
367 369
366 368
366 366
365 365
365 361
364 360
364 356
363 355
363 353
362 352
362 347
361 346
361 340
362 339
362 338
361 337
361 335
360 334
360 329
358 327
352 327
351 328
348 325
348 324
346 322
346 318
345 317
345 316
344 315
344 314
345 313
345 312
344 311
344 305
343 304
344 303
343 302
343 299
342 298
342 293
340 291
340 290
339 289
339 283
338 282
338 272
339 271
339 269
337 267
337 266
336 265
336 262
335 261
335 254
334 253
334 252
333 251
333 249
332 248
332 246
333 245
333 243
335 241
337 241
337 239
336 238
336 235
335 234
335 230
334 229
333 229
332 228
330 228
329 227
328 228
327 228
326 227
14
339 231
340 243
335 248
344 319
351 325
359 330
373 396
364 398
356 394
345 331
331 320
319 242
319 234
324 228
203
436 237
438 237
440 239
440 241
441 242
440 243
440 245
439 246
438 246
437 247
436 247
435 248
432 248
429 245
428 245
427 244
426 245
423 242
423 240
422 240
421 241
420 241
418 243
417 243
417 244
416 245
416 247
417 248
417 249
416 250
416 251
417 252
417 253
418 254
418 255
417 256
417 257
418 258
418 259
417 260
417 261
418 262
418 265
419 266
419 268
418 269
418 271
416 273
409 273
408 272
406 272
405 271
404 272
397 272
396 271
395 272
394 272
393 273
392 273
391 274
390 274
389 275
384 275
383 276
379 276
378 277
377 277
376 276
374 276
373 277
371 277
370 278
368 278
367 279
365 279
364 278
362 278
360 276
360 275
359 274
359 273
358 272
358 271
357 270
357 269
356 268
356 265
355 264
358 261
359 262
360 262
361 261
362 261
363 262
370 262
371 261
376 261
377 260
378 260
379 261
380 261
381 260
382 260
383 259
388 259
389 258
390 258
391 259
392 259
393 258
394 258
395 257
397 257
399 255
399 251
398 250
398 246
397 245
397 243
395 241
393 241
392 242
391 242
389 244
381 244
380 245
377 245
376 244
374 244
372 242
372 241
371 240
371 234
373 232
374 232
375 231
376 231
377 232
378 232
379 231
383 231
384 230
385 231
388 231
389 230
390 230
391 229
394 229
394 226
395 225
395 223
396 222
397 222
398 221
401 221
402 220
408 220
409 219
410 219
411 220
412 219
417 219
418 220
419 219
420 219
423 222
423 223
424 223
425 224
426 224
427 223
433 223
435 225
435 226
436 227
436 229
437 230
437 231
436 232
436 234
435 235
436 235
436 232
437 231
437 230
436 229
436 227
435 226
435 224
434 223
427 223
426 224
425 224
422 221
422 220
421 220
420 219
419 219
418 220
417 219
412 219
411 220
410 219
23
434 234
433 224
425 225
418 220
400 222
394 231
374 233
376 245
396 243
397 258
382 259
358 260
358 260
363 274
366 282
398 267
412 272
415 242
425 241
434 248
439 241
412 222
433 224
7
116 217
114 217
113 216
113 214
114 213
116 215
117 215
4
115 218
112 216
114 213
117 215
5
111 215
109 215
108 214
109 213
111 213
4
108 215
108 213
111 213
111 215
20
97 208
96 209
96 210
95 211
96 212
96 215
97 216
97 219
99 221
100 220
101 221
102 220
103 220
103 218
104 217
104 213
103 212
103 209
102 209
101 208
4
98 222
94 209
102 207
106 220
127
499 308
496 308
495 307
494 307
493 308
492 308
491 309
490 309
488 311
480 311
479 312
478 312
477 311
475 311
474 310
472 310
470 308
470 304
469 303
469 302
470 301
470 299
471 298
472 298
473 297
479 297
480 296
481 296
482 297
483 296
484 296
485 295
487 295
488 294
489 295
492 295
493 294
494 294
495 293
497 293
499 291
498 290
498 284
497 283
497 282
496 281
497 280
497 278
498 277
497 276
497 274
495 272
495 271
494 270
494 269
495 268
495 263
494 262
494 256
493 255
493 254
491 252
491 250
490 249
491 248
491 245
490 244
491 243
491 242
490 241
490 238
491 237
491 234
490 233
490 232
489 231
489 229
488 228
488 227
487 226
487 225
488 224
487 223
487 220
486 220
485 219
482 219
481 220
479 220
478 221
470 221
469 222
468 222
467 223
465 223
464 224
463 223
459 223
457 221
457 216
456 215
457 214
457 213
456 212
458 210
459 210
460 209
464 209
465 208
472 208
473 207
475 207
476 206
477 207
479 207
480 206
481 206
482 205
487 205
488 204
494 204
495 205
496 204
497 204
498 205
498 208
499 209
10
495 205
462 209
459 213
460 223
488 220
496 293
471 295
472 305
479 311
496 309
82
32 186
31 187
29 187
27 189
26 189
25 190
24 190
23 191
23 192
22 193
22 194
21 195
21 197
20 198
20 201
21 202
21 204
22 205
22 206
23 207
23 208
25 210
25 212
26 213
26 214
27 215
27 219
28 220
27 221
28 222
28 223
27 224
27 226
28 227
28 229
30 231
30 239
32 241
34 241
35 240
37 240
38 239
39 240
40 240
41 239
50 239
52 237
52 223
51 222
50 223
49 223
48 222
47 222
46 221
45 221
44 220
44 219
43 218
43 217
41 215
42 214
41 213
41 212
39 210
39 209
38 208
38 204
39 203
38 202
38 201
37 200
38 199
38 198
37 197
37 196
38 195
38 194
37 193
37 190
36 189
36 187
35 186
8
37 189
39 213
50 222
51 236
30 240
26 216
21 204
27 190
161
198 172
197 173
194 173
192 175
192 182
193 183
193 190
194 191
194 194
195 195
195 196
196 197
196 200
201 205
201 209
202 210
202 211
203 212
202 213
203 214
203 215
202 216
202 219
203 220
205 220
208 217
210 217
211 216
218 216
219 215
220 216
221 215
223 215
224 214
225 214
226 215
227 215
228 216
229 215
230 216
231 216
232 217
233 216
241 216
242 217
243 216
245 216
246 215
251 215
252 216
253 216
254 217
261 217
262 216
265 216
266 217
268 217
269 216
270 216
271 215
275 215
276 214
277 215
278 215
279 214
280 214
281 213
282 213
284 211
285 212
286 212
287 211
288 211
289 210
293 210
294 209
295 210
296 209
297 210
298 209
299 209
300 208
301 209
303 209
304 208
305 209
306 208
307 208
308 207
309 208
311 208
312 207
313 207
313 202
312 201
312 198
313 197
312 196
312 193
311 193
310 192
305 192
304 193
299 193
298 194
296 194
295 195
294 194
293 195
287 195
286 196
282 196
281 197
280 197
279 198
278 198
277 199
274 199
273 200
265 200
264 201
262 201
261 202
258 202
257 203
256 203
253 200
252 200
251 199
250 200
249 199
243 199
242 200
240 200
239 201
231 201
230 202
229 202
226 199
226 198
224 198
223 197
216 197
215 198
214 197
212 197
210 195
210 194
209 193
209 191
208 190
209 189
209 188
208 187
208 186
207 185
207 183
206 182
206 173
205 173
204 172
11
207 176
212 194
233 204
251 200
258 203
309 194
312 206
270 214
225 215
203 220
193 175
64
76 157
75 158
74 158
73 159
71 159
70 158
69 158
68 159
66 159
65 160
57 160
56 161
52 161
51 162
51 165
52 166
52 168
51 169
51 175
52 176
52 178
53 179
52 180
53 181
53 182
54 183
54 184
58 184
59 183
61 183
61 182
62 181
62 179
61 178
61 177
65 173
66 173
68 171
69 171
70 172
71 172
72 173
73 173
77 177
77 178
78 179
81 179
82 180
83 180
84 179
87 179
87 178
88 177
88 174
87 173
87 169
86 168
86 161
83 158
82 158
81 157
80 158
78 158
77 157
4
53 185
49 161
85 155
89 179
166
391 151
390 152
389 152
388 153
386 153
385 152
384 152
383 153
382 153
381 154
376 154
375 155
374 154
373 155
372 155
371 156
367 156
366 157
365 157
364 158
360 158
359 159
358 159
358 160
357 161
358 162
358 165
359 166
359 168
360 169
360 170
361 171
361 174
362 175
362 176
363 177
367 177
368 178
370 178
371 177
372 178
373 177
374 177
375 176
376 177
377 177
379 179
379 181
380 182
380 187
381 188
381 190
380 191
376 191
375 192
371 192
370 193
369 193
368 194
362 194
361 195
361 196
360 197
360 199
361 199
363 201
376 201
378 199
379 200
380 199
381 199
382 198
383 199
386 199
387 200
388 199
389 199
390 198
392 198
393 197
400 197
401 196
403 196
404 195
406 195
407 196
408 196
409 195
412 195
413 194
414 194
415 193
416 193
417 194
418 194
419 193
420 193
421 194
422 193
423 193
424 192
425 192
426 193
427 192
429 192
430 191
432 191
433 190
434 190
435 191
436 190
437 190
438 189
439 190
440 190
442 188
442 184
443 183
443 182
442 181
442 180
441 179
441 177
440 176
440 175
439 174
439 166
440 165
439 164
439 162
440 161
439 160
439 158
438 157
438 154
437 154
436 153
434 153
433 152
431 152
430 153
429 153
428 154
427 153
426 154
420 154
419 155
418 154
417 154
416 155
412 155
411 156
408 156
407 157
405 157
404 156
403 156
402 155
402 154
400 152
399 152
398 151
395 151
394 152
393 152
392 151
11
390 150
407 159
434 151
438 164
442 187
367 202
363 194
384 184
381 179
364 174
358 165
5
36 151
36 153
37 153
36 152
37 151
4
37 153
36 153
36 151
37 151
52
272 142
271 143
268 143
266 145
266 147
265 148
266 149
266 154
265 155
266 156
266 158
267 159
266 160
267 161
267 163
268 164
268 166
269 167
269 169
270 170
270 171
271 172
272 172
273 173
274 173
275 172
279 172
280 171
281 171
282 172
284 170
284 165
283 164
283 163
284 162
283 161
284 160
283 159
283 157
282 156
283 155
282 154
282 153
281 152
281 149
282 148
281 147
281 146
280 145
280 143
279 143
278 142
4
268 174
263 143
281 141
286 171
24
245 139
244 140
243 140
243 141
242 142
242 144
243 145
243 148
242 149
242 150
243 151
243 155
245 155
246 154
246 153
247 152
247 147
248 146
248 144
249 143
248 142
248 140
247 140
246 139
4
242 155
242 139
249 139
249 155
110
331 134
330 135
328 135
327 136
326 136
325 135
324 135
323 136
322 136
322 137
321 138
321 139
322 140
322 141
321 142
321 146
322 147
322 150
323 151
323 153
324 154
323 155
323 156
324 157
324 159
325 160
325 161
326 162
325 163
326 164
326 167
327 168
327 170
328 171
327 172
327 175
328 176
328 180
329 181
328 182
329 183
329 185
330 186
329 187
330 188
330 189
331 190
331 191
330 192
331 193
331 194
332 195
332 200
333 201
333 203
334 204
337 204
338 205
339 204
342 204
343 203
344 203
345 202
345 201
346 200
345 199
345 197
346 196
345 195
345 194
344 193
344 189
343 188
343 186
344 185
344 184
343 183
343 180
342 179
342 178
341 177
341 176
342 175
342 173
341 172
341 168
340 167
340 165
339 164
339 163
340 162
339 161
339 159
338 158
338 157
339 156
339 155
338 154
338 153
337 152
337 151
338 150
337 149
337 146
336 145
336 142
335 141
335 136
334 135
332 135
4
333 206
319 136
335 133
348 203
61
499 183
495 183
494 184
493 184
492 183
483 183
480 180
480 178
481 177
480 176
480 174
481 173
481 170
482 169
481 168
482 167
482 165
478 165
476 163
476 160
475 159
475 157
474 156
474 152
475 151
474 150
474 148
473 147
474 146
474 144
475 143
476 143
477 142
477 141
478 140
477 139
477 137
480 134
484 134
485 133
486 133
487 134
488 133
489 133
490 134
491 134
492 135
494 135
499 140
498 139
498 138
496 136
495 136
494 135
492 135
491 134
490 134
489 133
488 133
487 134
486 133
9
485 132
502 142
486 132
481 134
472 147
474 162
481 166
482 181
497 180
54
55 129
54 130
53 130
52 131
44 131
43 132
39 132
38 133
35 133
34 134
33 134
32 135
32 136
29 139
28 138
26 140
26 142
27 143
29 143
30 144
31 144
35 148
37 148
38 147
39 147
40 148
44 148
45 149
46 149
47 148
48 148
50 146
53 146
54 145
58 145
59 144
60 144
61 143
64 143
65 142
66 142
67 141
68 141
69 142
70 141
71 141
73 139
73 137
72 136
72 134
71 134
70 133
66 133
62 129
5
47 148
27 142
40 136
52 129
74 137
45
248 109
247 110
245 110
245 111
244 112
244 113
243 114
243 116
244 117
243 118
244 119
244 121
245 122
245 124
246 125
246 126
249 129
250 129
251 130
252 130
253 131
256 131
257 130
258 131
260 131
261 130
261 128
264 125
266 125
266 122
267 121
267 120
266 119
267 118
266 117
266 116
265 115
264 115
263 114
262 115
257 115
254 112
254 111
253 110
253 109
4
261 135
238 124
247 106
270 117
108
206 95
205 96
203 96
202 97
201 96
200 96
199 97
198 97
197 98
192 98
191 99
191 100
190 101
190 106
191 107
191 114
192 115
192 116
193 117
193 122
194 123
194 124
195 125
195 134
196 135
195 136
196 137
196 140
197 141
197 144
198 145
198 146
197 147
198 148
198 149
199 150
199 151
198 152
199 153
199 154
200 155
200 158
201 159
201 160
205 160
206 159
207 159
208 160
209 160
210 159
212 159
213 158
214 158
215 159
216 159
217 158
219 158
220 157
221 157
221 151
220 150
220 149
221 148
220 147
220 144
219 143
219 142
218 142
217 141
216 142
215 142
214 141
214 140
213 139
213 138
212 137
212 133
211 132
211 131
212 130
211 129
212 128
211 127
211 125
210 124
210 120
211 119
211 118
210 117
210 115
209 114
211 112
212 112
213 111
213 110
214 109
214 108
213 107
213 106
214 105
213 104
213 102
212 101
212 99
211 98
211 96
208 96
207 95
8
213 104
207 114
212 130
217 145
219 155
202 158
191 100
204 98
12
107 85
102 85
100 83
102 81
105 81
106 82
107 82
109 84
109 83
108 82
106 82
105 81
4
100 85
100 81
109 81
109 85
650
89 64
88 65
86 65
85 66
80 66
79 67
78 66
77 66
76 67
72 67
71 68
67 68
66 69
65 68
64 68
63 69
58 69
57 70
54 70
53 71
52 71
51 72
50 71
48 71
47 72
42 72
41 73
38 73
37 74
36 74
36 75
35 76
35 78
36 79
36 84
37 85
37 88
38 89
38 90
37 91
38 92
38 93
39 94
39 95
40 96
41 96
42 95
44 95
45 94
46 94
47 95
49 95
50 94
51 94
52 93
53 94
54 93
55 93
55 89
59 85
62 85
63 84
67 84
68 83
69 83
70 82
72 82
73 83
75 83
78 86
78 88
90 88
91 87
92 88
93 87
96 87
97 88
97 89
96 90
96 94
97 95
96 96
96 98
97 99
97 100
98 101
98 103
99 104
99 105
100 106
100 107
101 108
102 108
106 112
106 114
107 115
107 119
108 120
108 123
109 124
113 124
114 125
115 125
117 127
117 131
116 132
117 133
117 136
118 137
118 147
119 148
119 149
120 150
120 155
121 156
120 157
121 158
121 159
122 160
122 162
121 163
122 164
122 166
123 167
122 168
123 169
123 171
124 172
123 173
124 174
124 180
125 181
125 184
126 185
126 186
127 187
126 188
126 192
127 193
127 194
128 195
127 196
127 200
128 201
128 203
129 204
129 205
130 206
129 207
130 208
130 212
131 213
131 222
132 223
132 224
133 225
132 226
132 228
133 229
133 230
134 231
134 232
133 233
134 234
134 236
135 237
135 238
136 239
140 239
141 238
142 238
143 237
145 237
146 238
147 238
148 237
148 232
149 231
149 226
148 225
148 224
149 223
148 222
148 221
149 220
148 219
148 217
147 216
147 215
145 213
145 212
144 211
144 209
143 208
143 206
144 205
144 204
145 203
145 202
144 201
144 197
143 196
143 192
142 191
143 190
142 189
142 188
139 185
139 183
140 182
140 180
139 179
139 178
140 177
140 176
141 175
141 173
140 172
140 171
139 170
139 169
140 168
140 167
139 166
139 163
138 162
138 161
136 159
136 158
137 157
137 156
136 155
136 154
135 153
135 152
136 151
136 150
137 149
136 148
136 144
135 143
135 139
134 138
134 136
133 135
133 134
131 132
131 131
130 130
130 129
129 128
128 128
125 125
125 124
126 123
126 121
125 120
125 119
124 118
124 113
125 112
125 111
124 110
124 108
123 107
123 105
122 104
122 103
121 103
120 102
119 102
118 103
117 102
117 101
116 100
116 99
115 98
116 97
115 96
115 95
114 94
114 91
113 90
114 89
113 88
114 87
113 86
115 84
118 87
118 89
119 88
120 89
120 87
122 85
122 82
123 81
123 73
124 72
123 71
123 67
121 65
118 65
116 67
113 67
112 68
111 68
110 69
109 69
108 70
108 71
106 73
105 73
104 74
104 75
111 68
112 68
113 67
117 67
119 65
120 65
123 68
123 71
124 72
123 73
123 81
122 82
122 84
121 85
121 86
119 88
115 84
114 84
114 85
113 86
114 87
113 88
114 89
113 90
114 91
114 94
115 95
115 96
116 97
115 98
116 99
116 100
117 101
117 102
118 103
119 102
120 102
123 105
123 107
124 108
124 110
125 111
125 112
124 113
124 118
125 119
125 120
126 121
126 123
125 124
125 125
126 126
126 127
127 127
128 128
129 128
130 129
130 130
131 131
131 133
134 136
134 138
135 139
135 143
136 144
136 148
137 149
136 150
136 151
135 152
135 153
136 154
136 155
137 156
137 157
136 158
136 159
137 160
137 161
139 163
139 166
140 167
140 168
139 169
139 170
140 171
140 172
141 173
141 175
140 176
140 177
139 178
139 179
140 180
140 182
139 183
139 185
140 186
140 187
143 190
142 191
143 192
143 196
144 197
144 201
145 202
145 203
144 204
144 205
143 206
143 208
144 209
144 211
145 212
145 214
148 217
148 219
149 220
148 221
148 222
149 223
148 224
148 225
149 226
149 231
148 232
148 237
147 238
146 238
145 237
143 237
142 238
141 238
140 239
137 239
134 236
134 234
133 233
134 232
134 231
133 230
133 229
132 228
132 226
133 225
132 224
132 223
131 222
131 213
130 212
130 208
129 207
130 206
129 205
129 204
128 203
128 201
127 200
127 196
128 195
127 194
127 193
126 192
126 188
127 187
126 186
126 185
125 184
125 181
124 180
124 174
123 173
124 172
123 171
123 169
122 168
123 167
122 166
122 164
121 163
122 162
122 160
121 159
121 158
120 157
121 156
120 155
120 150
119 149
119 148
118 147
118 137
117 136
117 133
116 132
117 131
117 127
116 126
116 125
114 125
113 124
109 124
108 123
108 120
107 119
107 115
106 114
106 112
105 111
105 110
104 109
103 109
99 105
99 104
98 103
98 101
97 100
97 99
96 98
96 96
97 95
96 94
96 91
97 90
97 88
96 87
93 87
92 88
91 87
90 88
79 88
78 87
78 86
77 85
77 84
76 84
75 83
73 83
72 82
70 82
69 83
68 83
67 84
63 84
62 85
59 85
58 86
57 86
56 87
56 88
55 89
55 92
53 94
52 93
51 94
50 94
49 95
47 95
46 94
45 94
44 95
42 95
41 96
40 96
39 95
39 94
38 93
38 92
37 91
38 90
38 89
37 88
37 85
36 84
36 79
35 78
35 76
38 73
41 73
42 72
47 72
48 71
50 71
51 72
52 71
53 71
54 70
57 70
58 69
63 69
64 68
65 68
66 69
67 68
71 68
72 67
76 67
77 66
78 66
79 67
80 66
85 66
86 65
88 65
89 64
90 64
92 66
92 67
93 68
93 70
92 71
92 72
93 73
93 75
95 77
95 78
96 77
98 77
99 78
101 78
102 77
104 77
101 77
100 78
99 78
98 77
95 77
93 75
93 73
92 72
92 71
93 70
93 68
92 67
92 66
90 64
55
90 67
92 78
102 77
92 78
90 65
41 73
38 78
41 97
53 95
60 86
71 84
80 91
96 88
97 98
106 127
115 131
132 233
139 238
149 236
146 218
140 184
137 138
124 126
125 105
115 105
116 87
120 88
124 75
118 66
102 77
112 67
125 67
124 87
118 88
113 85
114 89
114 101
121 108
122 126
137 140
139 174
140 184
146 218
149 236
135 238
117 129
106 123
97 98
96 88
78 91
69 84
60 86
51 96
39 96
38 78
118
0 56
2 56
3 57
4 56
7 56
8 55
11 55
12 54
13 55
14 55
15 54
20 54
21 53
22 53
23 52
25 52
26 53
27 52
32 52
33 51
34 51
35 52
35 54
36 55
35 56
36 57
36 58
37 59
36 60
37 61
37 67
36 68
35 68
34 69
32 69
31 70
27 70
26 69
25 69
24 68
22 68
21 69
18 69
17 70
15 70
14 71
14 73
15 74
15 77
16 78
16 79
17 80
16 81
17 82
17 85
18 86
18 90
19 91
18 92
19 93
19 94
20 95
20 96
19 97
20 98
20 99
21 100
21 102
20 103
21 104
21 105
22 106
22 107
21 108
21 109
22 110
22 115
23 116
23 117
24 118
24 119
23 120
22 120
21 121
20 121
19 122
18 121
16 121
15 122
14 122
13 121
12 122
8 122
7 121
7 115
6 114
6 111
5 110
5 109
4 108
4 106
5 105
5 104
4 103
4 99
3 98
3 97
2 96
3 95
2 94
2 92
1 91
2 90
2 89
1 88
1 87
0 86
0 82
7
1 56
3 85
8 121
21 119
14 72
36 69
34 53
432
318 2
317 3
311 3
310 4
306 4
305 5
299 5
298 6
297 6
296 7
295 7
294 6
293 7
292 7
291 8
290 7
289 7
288 8
283 8
282 9
280 9
279 10
278 9
277 10
272 10
271 11
267 11
266 12
265 12
264 13
262 13
261 12
260 13
255 13
254 14
253 14
252 15
247 15
246 16
245 16
244 15
243 16
242 16
241 17
240 16
238 16
237 17
236 17
235 18
234 17
232 17
231 18
230 18
229 19
224 19
223 20
219 20
218 21
217 20
216 20
215 21
214 21
213 22
212 21
211 21
210 22
209 22
208 23
207 23
206 22
205 22
204 23
202 23
201 24
194 24
193 25
190 25
189 26
186 26
185 27
180 27
179 28
176 28
175 29
174 29
173 30
172 30
171 31
170 31
167 34
167 35
166 36
166 39
167 40
166 41
166 42
165 43
165 49
164 50
164 53
165 54
165 56
164 57
164 58
165 59
165 60
166 61
166 63
167 64
167 65
168 66
168 68
169 69
169 71
173 71
174 72
175 71
176 71
177 70
180 70
181 69
182 69
182 67
183 66
183 64
182 63
182 62
181 61
181 60
182 59
182 57
181 56
181 55
180 54
180 52
179 51
180 50
179 49
179 45
182 42
183 43
184 42
186 42
190 38
191 39
203 39
204 38
205 38
206 37
209 37
210 38
210 39
211 40
211 43
212 44
212 47
213 48
213 52
214 53
214 60
215 61
215 65
216 66
216 67
215 68
215 69
216 70
216 71
217 72
216 73
217 74
217 77
218 78
218 84
219 85
219 86
220 87
220 88
221 88
222 89
223 88
224 89
225 88
232 88
233 87
233 86
234 85
233 84
233 83
232 82
232 81
231 80
231 75
230 74
230 71
231 70
230 69
230 66
229 65
229 60
228 59
228 53
227 52
227 51
226 50
226 44
225 43
226 42
226 39
225 38
225 37
228 34
229 34
230 33
231 33
232 32
234 32
235 31
239 31
240 30
252 30
253 29
255 29
256 30
256 32
257 33
257 40
258 41
258 43
259 44
259 50
260 51
260 53
261 54
261 56
262 57
262 59
261 60
261 61
262 62
262 67
263 68
263 69
264 70
264 73
265 74
264 75
265 76
265 77
266 78
266 79
268 81
269 80
275 80
276 79
277 79
277 78
278 77
278 76
277 75
277 74
278 73
277 72
277 71
276 70
276 65
277 64
276 63
276 60
275 59
276 58
275 57
275 55
274 54
274 51
273 50
273 46
272 45
272 39
271 38
271 31
270 30
270 25
271 24
272 24
273 23
274 23
275 22
278 22
279 23
280 22
281 23
290 23
291 24
292 23
293 23
294 22
299 22
300 23
300 24
301 25
301 31
302 32
302 34
303 35
303 39
304 40
303 41
304 42
304 44
305 45
305 46
306 47
305 48
305 54
306 55
306 56
307 57
307 58
308 59
308 60
307 61
308 62
307 63
308 64
308 70
309 71
309 74
310 75
310 76
311 77
311 78
312 79
311 80
311 89
312 90
312 93
313 94
313 103
314 104
314 106
315 107
315 108
316 109
316 113
317 114
317 116
316 117
316 118
317 119
316 120
317 121
317 122
319 124
319 125
320 125
321 126
322 125
325 125
326 124
330 124
331 123
331 120
330 119
330 117
331 116
330 115
330 110
329 109
329 108
328 107
328 106
329 105
329 104
328 103
328 101
327 100
327 96
326 95
326 92
327 91
326 90
326 89
325 88
325 85
324 84
324 82
325 81
324 80
324 79
323 78
323 69
322 68
322 67
321 66
321 62
320 61
320 53
319 52
319 49
318 48
319 47
318 46
318 41
317 40
317 39
316 38
316 33
317 32
316 31
316 28
315 27
316 26
315 25
315 21
317 19
318 19
319 18
320 18
321 17
325 17
327 15
327 11
328 10
328 6
327 5
327 3
326 3
325 2
321 2
320 3
319 3
28
327 17
313 21
331 122
321 124
315 120
310 80
301 21
269 26
278 75
274 81
266 83
264 73
254 29
238 33
224 37
236 88
226 90
220 86
210 36
192 40
178 44
183 65
181 67
173 68
165 58
166 37
176 27
324 5
82
390 0
390 2
389 3
390 4
390 7
389 8
387 8
386 9
379 9
378 10
377 10
376 11
375 10
374 11
373 11
373 12
372 13
373 14
372 15
372 17
373 18
373 19
374 20
374 22
375 23
375 25
373 27
372 27
371 28
369 28
368 29
362 29
361 30
360 29
359 30
358 29
357 29
356 30
352 30
351 31
349 31
348 32
347 31
346 32
342 32
341 33
338 33
337 32
336 32
335 31
335 29
334 28
335 27
335 26
336 25
336 24
337 23
336 22
336 17
338 15
341 15
342 14
346 14
347 13
351 13
352 12
353 12
354 13
355 12
360 12
361 11
365 11
366 10
367 10
368 9
368 8
369 7
369 5
368 4
368 3
367 2
367 1
9
366 2
366 6
367 14
338 15
338 32
373 28
371 11
389 9
388 3
