114
105
1
76
56 21
55 22
52 22
51 23
50 23
49 24
49 25
48 26
48 28
49 29
49 30
48 31
48 33
47 34
47 35
48 36
48 39
45 42
43 42
42 43
41 43
40 44
38 44
38 45
37 46
38 47
37 48
37 51
38 52
38 55
39 56
39 59
40 60
40 62
39 63
39 64
40 65
40 66
41 67
41 68
44 71
45 71
46 72
49 72
50 71
54 71
55 70
57 70
57 69
58 68
58 67
57 66
57 64
56 63
56 55
55 54
55 52
56 51
56 48
58 46
59 46
60 45
64 45
64 42
65 41
64 40
64 39
63 38
63 31
62 30
62 28
63 27
62 26
62 25
61 24
61 21
13
60 28
62 41
57 48
52 56
55 69
49 71
41 66
37 47
44 45
49 38
48 31
52 23
58 22
